Sample Database for 4 w/o fuel, np BP (this is a *good* database!)
50
1278
1 
   0.0  900.0  580.0  900.0  900.0  580.0  900.0 
   0.1  900.0  580.0  900.0  900.0  580.0  900.0 
   0.5  900.0  580.0  900.0  900.0  580.0  900.0 
   1.0  900.0  580.0  900.0  900.0  580.0  900.0 
   2.0  900.0  580.0  900.0  900.0  580.0  900.0 
   3.0  900.0  580.0  900.0  900.0  580.0  900.0 
   4.0  900.0  580.0  900.0  900.0  580.0  900.0 
   5.0  900.0  580.0  900.0  900.0  580.0  900.0 
   6.0  900.0  580.0  900.0  900.0  580.0  900.0 
   7.0  900.0  580.0  900.0  900.0  580.0  900.0 
   8.0  900.0  580.0  900.0  900.0  580.0  900.0 
   9.0  900.0  580.0  900.0  900.0  580.0  900.0 
  10.0  900.0  580.0  900.0  900.0  580.0  900.0 
  11.0  900.0  580.0  900.0  900.0  580.0  900.0 
  12.5  900.0  580.0  900.0  900.0  580.0  900.0 
  15.0  900.0  580.0  900.0  900.0  580.0  900.0 
  17.5  900.0  580.0  900.0  900.0  580.0  900.0 
  20.0  900.0  580.0  900.0  900.0  580.0  900.0 
  22.5  900.0  580.0  900.0  900.0  580.0  900.0 
  25.0  900.0  580.0  900.0  900.0  580.0  900.0 
  27.5  900.0  580.0  900.0  900.0  580.0  900.0 
  30.0  900.0  580.0  900.0  900.0  580.0  900.0 
  32.5  900.0  580.0  900.0  900.0  580.0  900.0 
  35.0  900.0  580.0  900.0  900.0  580.0  900.0 
  37.5  900.0  580.0  900.0  900.0  580.0  900.0 
  40.0  900.0  580.0  900.0  900.0  580.0  900.0 
  42.5  900.0  580.0  900.0  900.0  580.0  900.0 
  45.0  900.0  580.0  900.0  900.0  580.0  900.0 
  47.5  900.0  580.0  900.0  900.0  580.0  900.0 
  50.0  900.0  580.0  900.0  900.0  580.0  900.0 
   0.0  900.0  580.0  900.0  293.0  580.0  900.0 
  15.0  900.0  580.0  900.0 1000.0  580.0  900.0 
   0.0  900.0  580.0  900.0  900.0  293.0  900.0 
  15.0  900.0  580.0  900.0  900.0  600.0  900.0 
   1.0  800.0  580.0  900.0  293.0  580.0  900.0 
  10.0  800.0  580.0  900.0 1000.0  580.0  900.0 
   2.0  800.0  580.0  900.0  800.0  293.0  900.0 
  27.5  800.0  580.0  900.0  800.0  600.0  900.0 
   0.0  800.0  580.0  900.0  800.0  580.0    0.0 
  15.0 1000.0  580.0  900.0 1000.0  580.0  900.0 
   2.0 1000.0  580.0  900.0  293.0  580.0  900.0 
  22.5 1000.0  580.0  900.0  900.0  580.0  900.0 
   0.0 1000.0  580.0  900.0 1000.0  293.0  900.0 
  15.0 1000.0  580.0  900.0 1000.0  600.0  900.0 
   0.0 1000.0  580.0  900.0 1000.0  580.0    0.0 
  15.0  900.0  560.0  900.0  900.0  560.0  900.0 
   4.0  900.0  560.0  900.0  900.0  600.0  900.0 
  50.0  900.0  560.0  900.0  900.0  600.0  900.0 
  32.5  900.0  580.0 1800.0  800.0  580.0 1800.0 
  27.5  900.0  580.0 1800.0  900.0  600.0 1800.0 
  46   44   41   38   32   48   45    0 
  46   42   44   41   32   48   45    0 
  46   36   41   38   32   48   45    0 
  49   46   42   44   41   45   39    0 
  49   46   42   44   41   48   45    0 
  49   46   42   44   35   32   45    0 
  49   46   42   44   32   48   45    0 
  49   46   34   36   35   38   48    0 
  49   46   44   35   38   32   45    0 
  49   46   44   38   32   48   45    0 
  49   46   34   36   38   32   30    0 
  49   46   36   38   32   30   48    0 
  49   46   34   36   38   30   48    0 
  49   42   44   41   32   48   45    0 
  49   46   36   35   38   32   45    0 
  49   46   36   38   32   48   45    0 
  49   42   44   41   32   48   45   29 
  40   49   46   42   44   41   48    0 
  40   46   42   44   41   32   48    0 
  40   49   46   42   44   32   48    0 
  40   49   46   42   44   32   30    0 
  40   46   44   41   38   32   48    0 
  40   46   42   44   41   32   48   45 
  40   49   46   38   32   30   48    0 
  40   49   46   44   38   32   48    0 
  40   49   46   44   38   32   30    0 
  40   46   36   38   32   30   48    0 
  40   46   36   41   38   32   48    0 
  40   46   44   41   38   32   48   45 
  40   46   36   41   38   48   45    0 
  40   46   36   41   38   32   48   45 
  15   49   46   14   44   41   45   39 
  15   49   16   46   44   41   45   39 
  15   49   14   44   41   32   48   45 
  15   49   16   44   41   32   48   45 
  15   49   46   14   44   41   48   45 
  15   49   16   46   44   41   48   45 
  15   14   44   41   38   32   48   45 
  15   16   44   41   38   32   48   45 
  15   49   14   44   38   32   48   45 
  15   49   16   44   38   32   48   45 
  15   49   14   36   35   38   32   45 
  15   49   16   36   35   38   32   45 
  15   46   14   44   41   38   48   45 
  15   16   46   44   41   38   48   45 
  15   49   46   14   44   38   48   45 
  15   49   16   46   44   38   48   45 
  15   49   46   14   44   41   38   48 
  15   49   16   46   44   41   38   48 
  15   14   36   41   38   32   48   45 
  15   16   36   41   38   32   48   45 
  15   49   14   36   38   32   48   45 
  15   49   16   36   38   32   48   45 
  17   49   16   42   44   41   45   39 
  17   49   16   46   44   41   45   39 
  17   49   16   42   44   41   32   45 
  17   49   16   46   44   41   48   45 
  17   49   16   44   41   32   48   45 
  17   16   46   44   41   38   48   45 
  17   49   16   46   44   38   48   45 
  17   49   16   46   44   41   38   48 
  17   16   44   41   38   32   48   45 
  17   49   16   44   38   32   48   45 
  17   49   16   36   35   38   32   45 
  17   16   36   41   38   32   48   45 
  17   49   16   36   38   32   48   45 
  43   49   46   42   44   35   39    0 
  43   49   46   42   44   41   39    0 
  43   40   49   46   42   44   41    0 
  43   17   49   16   46   44   41   39 
   4    5   49   42   44   41   45   39 
   4    5   49   46   44   41   45   39 
   4    5   49   42   44   41   32   45 
   4   43    5   49   46   44   41   39 
   4    5   49   46   44   41   48   45 
   4    5   49   44   41   32   48   45 
   4    5   49   46   44   35   38   45 
   4    5   46   44   41   38   48   45 
   4    5   49   46   44   38   48   45 
   4    5   49   46   44   41   38   48 
   4    5   49   44   35   38   32   45 
   4    5   44   41   38   32   48   45 
   4    5   49   44   38   32   48   45 
   4    5   49   36   35   38   32   45 
   4    5   36   41   38   32   48   45 
   4    5   49   36   38   32   48   45 
   7   49    8   42   44   41   45   39 
   7   49    8   46   44   41   45   39 
   7   49    8   42   44   41   32   45 
   7   43   49    8   46   44   41   39 
   7   49    8   46   44   41   48   45 
   7   49    8   44   41   32   48   45 
   7   49    8   46   44   35   38   45 
   7    8   46   44   41   38   48   45 
   7   49    8   46   44   38   48   45 
   7   49    8   46   44   41   38   48 
   7   49    8   44   35   38   32   45 
   7    8   44   41   38   32   48   45 
   7   49    8   44   38   32   48   45 
   7   49    8   36   35   38   32   45 
   7    8   36   41   38   32   48   45 
   7   49    8   36   38   32   48   45 
  28   49   42   44   41   45   39   29 
  28   49   42   44   41   32   45   29 
  28   49   44   35   38   32   45   29 
  28   49   44   41   32   48   45   29 
  28   49   36   35   38   32   45   29 
  28   49   44   38   32   48   45   29 
  28   44   41   38   32   48   45   29 
  28   49   36   38   32   48   45   29 
  28   36   41   38   32   48   45   29 
  25   49   24   42   44   41   45   39 
  25   26   49   42   44   41   45   39 
  25   49   24   42   44   41   32   45 
  25   26   49   42   44   41   32   45 
  25   49   24   44   35   38   32   45 
  25   26   49   44   35   38   32   45 
  25   49   24   44   41   32   48   45 
  25   26   49   44   41   32   48   45 
  25   49   24   36   35   38   32   45 
  25   26   49   36   35   38   32   45 
  25   49   24   44   38   32   48   45 
  25   26   49   44   38   32   48   45 
  25   24   44   41   38   32   48   45 
  25   26   44   41   38   32   48   45 
  25   49   24   36   38   32   48   45 
  25   26   49   36   38   32   48   45 
  25   24   36   41   38   32   48   45 
  25   26   36   41   38   32   48   45 
  13   49   14   42   44   41   45   39 
  13   49   46   14   44   41   45   39 
  13   49   14   42   44   41   32   45 
  13   43   49   46   14   44   41   39 
  13   49   46   14   44   41   48   45 
  13   49   14   44   41   32   48   45 
  13   49   46   14   44   35   38   45 
  13   46   14   44   41   38   48   45 
  13   49   46   14   44   38   48   45 
  13   49   46   14   44   41   38   48 
  13   49   14   44   35   38   32   45 
  13   14   44   41   38   32   48   45 
  13   49   14   44   38   32   48   45 
  13   49   14   36   35   38   32   45 
  13   14   36   41   38   32   48   45 
  13   49   14   36   38   32   48   45 
  10   11   49   42   44   41   45   39 
  10   11   49   46   44   41   45   39 
  10   11   49   42   44   41   32   45 
  10   43   11   49   46   44   41   39 
  10   11   49   46   44   41   48   45 
  10   11   49   44   41   32   48   45 
  10   11   49   46   44   35   38   45 
  10   11   46   44   41   38   48   45 
  10   11   49   46   44   38   48   45 
  10   11   49   46   44   41   38   48 
  10   11   49   44   35   38   32   45 
  10   11   44   41   38   32   48   45 
  10   11   49   44   38   32   48   45 
  10   11   49   36   35   38   32   45 
  10   11   36   41   38   32   48   45 
  10   11   49   36   38   32   48   45 
  20   49   42   44   19   41   45   39 
  20   49   46   44   19   41   45   39 
  20   49   42   44   19   41   32   45 
  20   43   49   46   44   19   41   39 
  20   49   46   44   19   41   48   45 
  20   49   46   44   19   38   48   45 
  20   49   44   19   41   32   48   45 
  20   49   36   19   35   38   32   45 
  20   49   44   19   38   32   48   45 
  20   46   44   19   41   38   48   45 
  20   49   46   44   19   41   38   48 
  20   44   19   41   38   32   48   45 
  20   49   36   19   38   32   48   45 
  20   36   19   41   38   32   48   45 
  23   49   24   42   44   41   45   39 
  23   22   49   42   44   41   45   39 
  23   49   24   42   44   41   32   45 
  23   22   49   42   44   41   32   45 
  23   49   24   44   35   38   32   45 
  23   22   49   44   35   38   32   45 
  23   49   24   44   41   32   48   45 
  23   22   49   44   41   32   48   45 
  23   49   24   36   35   38   32   45 
  23   22   49   36   35   38   32   45 
  23   49   24   44   38   32   48   45 
  23   22   49   44   38   32   48   45 
  23   24   44   41   38   32   48   45 
  23   22   44   41   38   32   48   45 
  23   49   24   36   38   32   48   45 
  23   22   49   36   38   32   48   45 
  23   24   36   41   38   32   48   45 
  23   22   36   41   38   32   48   45 
  18   49   42   44   19   41   32   45 
  18   17   49   42   44   41   32   45 
  18   49   46   44   19   41   48   45 
  18   17   49   46   44   41   48   45 
  18   49   44   19   41   32   48   45 
  18   17   49   44   41   32   48   45 
  18   46   44   19   41   38   48   45 
  18   17   46   44   41   38   48   45 
  18   49   46   44   19   38   48   45 
  18   17   49   46   44   38   48   45 
  18   49   46   44   19   41   38   48 
  18   17   49   46   44   41   38   48 
  18   44   19   41   38   32   48   45 
  18   17   44   41   38   32   48   45 
  18   49   44   19   38   32   48   45 
  18   17   49   44   38   32   48   45 
  18   49   36   19   35   38   32   45 
  18   17   49   36   35   38   32   45 
  18   36   19   41   38   32   48   45 
  18   17   36   41   38   32   48   45 
  18   49   36   19   38   32   48   45 
  18   17   49   36   38   32   48   45 
  47   49   42   44   41   45   39   29 
  47   49   42   44   41   48   45   29 
  47   49   36   42   44   35   32   29 
  47   49   36   42   44   35   32   45 
  47   28   43   49   44   41   39   29 
  47   28   49   44   41   45   39   29 
  47   49   36   44   35   38   32   29 
  47   49   44   35   38   32   45   29 
  47   49   36   35   38   32   45   29 
  47   49   36   44   35   38   32   45 
  47   49   36   42   44   32   48   29 
  47   49   42   44   32   48   45   29 
  47   49   36   42   44   32   48   45 
  47   28   49   44   35   38   45   29 
  47   40   42   44   41   32   48   29 
  47   42   44   41   32   48   45   29 
  47   40   42   44   41   32   48   45 
  47   28   49   44   41   48   45   29 
  47   49   36   44   38   32   48   29 
  47   49   44   38   32   48   45   29 
  47   49   36   38   32   48   45   29 
  47   49   36   44   38   32   48   45 
  47   40   36   42   44   32   48   29 
  47   40   36   42   44   32   48   45 
  47   28   49   44   38   48   45   29 
  47   40   46   44   41   38   48   45 
  47   40   44   41   38   32   48   29 
  47   44   41   38   32   48   45   29 
  47   40   44   41   38   32   48   45 
  47   28   44   41   38   48   45   29 
  47   28   49   44   41   38   48   29 
  47   40   49   46   44   41   38   48 
  47   40   36   44   38   32   48   29 
  47   40   36   44   38   32   48   45 
  47   25   26   49   44   41   45   39 
  47   25   43   26   49   44   41   39 
  47   25   26   49   44   35   38   45 
  47   40   36   41   38   32   48   29 
  47   36   41   38   32   48   45   29 
  47   40   36   41   38   32   48   45 
  47   25   26   49   44   41   48   45 
  47   40   34   36   38   30   48   29 
  47   40   34   36   38   30   48   45 
  47   25   49   24   44   41   45   39 
  47   25   43   49   24   44   41   39 
  47   25   26   49   44   38   48   45 
  47   25   49   24   44   35   38   45 
  47   25   26   44   41   38   48   45 
  47   25   26   49   44   41   38   48 
  47   25   49   24   44   41   48   45 
  47   23   49   24   44   41   45   39 
  47   23   43   49   24   44   41   39 
  47   25   49   24   44   38   48   45 
  47   23   49   24   44   35   38   45 
  47   25   24   44   41   38   48   45 
  47   25   49   24   44   41   38   48 
  47   23   49   24   44   41   48   45 
  47   23   22   49   44   41   45   39 
  47   23   43   22   49   44   41   39 
  47   23   49   24   44   38   48   45 
  47   23   22   49   44   35   38   45 
  47   23   24   44   41   38   48   45 
  47   23   49   24   44   41   38   48 
  47   23   22   49   44   41   48   45 
  47   20   49   46   44   41   45   39 
  47   20   43   49   46   44   41   39 
  47   23   22   49   44   38   48   45 
  47   23   22   44   41   38   48   45 
  47   23   22   49   44   41   38   48 
  47   20   49   46   44   41   48   45 
  47   20   49   46   44   38   48   45 
  47   20   46   44   41   38   48   45 
  47   20   49   46   44   41   38   48 
  33   40   49   46   44   38   30    0 
  33   43   40   49   46   44   30    0 
  33   43   40   49   46   44   41    0 
  33   40   49   46   38   30   48    0 
  33   49   46   44   41   38   48    0 
  33   40   46   44   41   38   48    0 
  33   40   49   46   44   38   48    0 
  33   40   49   46   44   41   48    0 
  33   40   49   46   44   41   38   48 
  33   47   43   40   49   46   44   41 
  33   47   40   49   46   44   41   38 
  33    4    5   49   46   44   41   38 
  33    4   43    5   49   46   44   41 
  33   47   20   49   46   44   41   38 
  33   47   20   43   49   46   44   41 
  33   47   43   40   49   44   41   29 
  33    4    5   49   46   41   38   48 
  33    4    5   49   46   44   35   38 
  33   20   49   46   44   19   41   38 
  33   20   43   49   46   44   19   41 
  33   47   28   49   44   41   38   29 
  33   47   28   43   49   44   41   29 
  33   47   40   49   46   41   38   48 
  33   47   20   49   46   41   38   48 
  33    7   49    8   46   44   41   38 
  33    7   43   49    8   46   44   41 
  33   18   49   46   44   19   41   38 
  33   18   43   49   46   44   19   41 
  33   47   23   22   49   44   41   38 
  33   47   23   43   22   49   44   41 
  33   47   28   49   44   35   38   29 
  33   47   28   49   41   38   48   29 
  33   20   49   46   19   41   38   48 
  33    7   49    8   46   41   38   48 
  33    7   49    8   46   44   35   38 
  33   18   17   49   46   44   41   38 
  33   18   43   17   49   46   44   41 
  33   47   23   49   24   44   41   38 
  33   47   23   43   49   24   44   41 
  33   47   23   22   49   44   35   38 
  33   47   25   26   49   44   41   38 
  33   47   25   43   26   49   44   41 
  33   18   49   46   19   41   38   48 
  33   47   23   22   49   41   38   48 
  33   10   11   49   46   44   41   38 
  33   10   43   11   49   46   44   41 
  33   17   49   16   46   44   41   38 
  33   43   17   49   16   46   44   41 
  33   47   25   49   24   44   41   38 
  33   47   25   43   49   24   44   41 
  33   47   23   49   24   44   35   38 
  33   47   25   26   49   44   35   38 
  33   47   25   26   49   41   38   48 
  33   18   17   49   46   41   38   48 
  33   47   23   49   24   41   38   48 
  33   10   11   49   46   41   38   48 
  33   10   11   49   46   44   35   38 
  33   15   49   16   46   44   41   38 
  33   47   25   49   24   44   35   38 
  33   47   25   49   24   41   38   48 
  33   17   49   16   46   41   38   48 
  33   13   49   46   14   44   41   38 
  33   13   43   49   46   14   44   41 
  33   15   49   46   14   44   41   38 
  33   15   49   16   46   41   38   48 
  33   13   49   46   14   41   38   48 
  33   13   49   46   14   44   35   38 
  33   15   49   46   14   41   38   48 
   3    4   49   42   44   41   45   39 
   3    4   49   46   44   41   45   39 
   3    4   49   42   44   41   32   45 
   3    4   43   49   46   44   41   39 
   3    4   49   46   44   41   48   45 
   3    4   49   44   41   32   48   45 
   3    4   49   46   44   35   38   45 
   3   33    4   43   49   46   44   41 
   3    4   46   44   41   38   48   45 
   3    4   49   46   44   38   48   45 
   3    4   49   46   44   41   38   48 
   3    4   49   44   35   38   32   45 
   3    4   44   41   38   32   48   45 
   3    4   49   44   38   32   48   45 
   3   33    4   49   46   44   35   38 
   3   33    4   49   46   44   41   38 
   3   33    4   49   46   41   38   48 
   3    4   49   36   35   38   32   45 
   3    4   36   41   38   32   48   45 
   3    4   49   36   38   32   48   45 
   6    5   49   42   44   41   45   39 
   6    7   49   42   44   41   45   39 
   6    5   49   46   44   41   45   39 
   6    7   49   46   44   41   45   39 
   6    5   49   42   44   41   32   45 
   6    7   49   42   44   41   32   45 
   6   43    5   49   46   44   41   39 
   6    7   43   49   46   44   41   39 
   6    5   49   46   44   41   48   45 
   6    7   49   46   44   41   48   45 
   6    5   49   44   41   32   48   45 
   6    7   49   44   41   32   48   45 
   6    5   49   46   44   35   38   45 
   6    7   49   46   44   35   38   45 
   6   33   43    5   49   46   44   41 
   6   33    7   43   49   46   44   41 
   6    5   46   44   41   38   48   45 
   6    7   46   44   41   38   48   45 
   6    5   49   46   44   38   48   45 
   6    7   49   46   44   38   48   45 
   6    5   49   46   44   41   38   48 
   6    7   49   46   44   41   38   48 
   6    5   49   44   35   38   32   45 
   6    7   49   44   35   38   32   45 
   6    5   44   41   38   32   48   45 
   6    7   44   41   38   32   48   45 
   6    5   49   44   38   32   48   45 
   6    7   49   44   38   32   48   45 
   6   33    5   49   46   44   35   38 
   6   33    7   49   46   44   35   38 
   6   33    5   49   46   44   41   38 
   6   33    7   49   46   44   41   38 
   6   33    5   49   46   41   38   48 
   6   33    7   49   46   41   38   48 
   6    5   49   36   35   38   32   45 
   6    7   49   36   35   38   32   45 
   6    5   36   41   38   32   48   45 
   6    7   36   41   38   32   48   45 
   6    5   49   36   38   32   48   45 
   6    7   49   36   38   32   48   45 
  27   26   49   42   44   41   45   39 
  27   28   49   42   44   41   45   39 
  27   47   26   49   44   41   45   39 
  27   47   28   49   44   41   45   39 
  27   47   26   49   44   35   38   45 
  27   47   28   49   44   35   38   45 
  27   26   49   42   44   41   32   45 
  27   28   49   42   44   41   32   45 
  27   26   49   44   35   38   32   45 
  27   28   49   44   35   38   32   45 
  27   47   43   26   49   44   41   39 
  27   47   28   43   49   44   41   39 
  27   47   26   49   44   41   48   45 
  27   47   28   49   44   41   48   45 
  27   47   26   49   44   38   48   45 
  27   47   28   49   44   38   48   45 
  27   33   47   26   49   44   35   38 
  27   33   47   28   49   44   35   38 
  27   26   49   44   41   32   48   45 
  27   28   49   44   41   32   48   45 
  27   26   49   36   35   38   32   45 
  27   28   49   36   35   38   32   45 
  27   26   49   44   38   32   48   45 
  27   28   49   44   38   32   48   45 
  27   33   47   43   26   49   44   41 
  27   33   47   28   43   49   44   41 
  27   47   26   44   41   38   48   45 
  27   47   28   44   41   38   48   45 
  27   47   26   49   44   41   38   48 
  27   47   28   49   44   41   38   48 
  27   33   47   26   49   44   41   38 
  27   33   47   28   49   44   41   38 
  27   26   44   41   38   32   48   45 
  27   28   44   41   38   32   48   45 
  27   26   49   36   38   32   48   45 
  27   28   49   36   38   32   48   45 
  27   33   47   26   49   41   38   48 
  27   33   47   28   49   41   38   48 
  27   26   36   41   38   32   48   45 
  27   28   36   41   38   32   48   45 
  12   11   49   42   44   41   45   39 
  12   13   49   42   44   41   45   39 
  12   11   49   46   44   41   45   39 
  12   13   49   46   44   41   45   39 
  12   11   49   42   44   41   32   45 
  12   13   49   42   44   41   32   45 
  12   43   11   49   46   44   41   39 
  12   13   43   49   46   44   41   39 
  12   11   49   46   44   41   48   45 
  12   13   49   46   44   41   48   45 
  12   11   49   44   41   32   48   45 
  12   13   49   44   41   32   48   45 
  12   11   49   46   44   35   38   45 
  12   13   49   46   44   35   38   45 
  12   33   43   11   49   46   44   41 
  12   33   13   43   49   46   44   41 
  12   11   46   44   41   38   48   45 
  12   13   46   44   41   38   48   45 
  12   11   49   46   44   38   48   45 
  12   13   49   46   44   38   48   45 
  12   11   49   46   44   41   38   48 
  12   13   49   46   44   41   38   48 
  12   11   49   44   35   38   32   45 
  12   13   49   44   35   38   32   45 
  12   11   44   41   38   32   48   45 
  12   13   44   41   38   32   48   45 
  12   11   49   44   38   32   48   45 
  12   13   49   44   38   32   48   45 
  12   33   11   49   46   44   35   38 
  12   33   13   49   46   44   35   38 
  12   33   11   49   46   44   41   38 
  12   33   13   49   46   44   41   38 
  12   33   11   49   46   41   38   48 
  12   33   13   49   46   41   38   48 
  12   11   49   36   35   38   32   45 
  12   13   49   36   35   38   32   45 
  12   11   36   41   38   32   48   45 
  12   13   36   41   38   32   48   45 
  12   11   49   36   38   32   48   45 
  12   13   49   36   38   32   48   45 
   9   49    8   42   44   41   45   39 
   9   10   49   42   44   41   45   39 
   9   49    8   46   44   41   45   39 
   9   10   49   46   44   41   45   39 
   9   49    8   42   44   41   32   45 
   9   10   49   42   44   41   32   45 
   9   43   49    8   46   44   41   39 
   9   10   43   49   46   44   41   39 
   9   49    8   46   44   41   48   45 
   9   10   49   46   44   41   48   45 
   9   49    8   44   41   32   48   45 
   9   10   49   44   41   32   48   45 
   9   49    8   46   44   35   38   45 
   9   10   49   46   44   35   38   45 
   9   33   43   49    8   46   44   41 
   9   33   10   43   49   46   44   41 
   9    8   46   44   41   38   48   45 
   9   10   46   44   41   38   48   45 
   9   49    8   46   44   38   48   45 
   9   10   49   46   44   38   48   45 
   9   49    8   46   44   41   38   48 
   9   10   49   46   44   41   38   48 
   9   49    8   44   35   38   32   45 
   9   10   49   44   35   38   32   45 
   9    8   44   41   38   32   48   45 
   9   10   44   41   38   32   48   45 
   9   49    8   44   38   32   48   45 
   9   10   49   44   38   32   48   45 
   9   33   49    8   46   44   35   38 
   9   33   10   49   46   44   35   38 
   9   33   49    8   46   44   41   38 
   9   33   10   49   46   44   41   38 
   9   33   49    8   46   41   38   48 
   9   33   10   49   46   41   38   48 
   9   49    8   36   35   38   32   45 
   9   10   49   36   35   38   32   45 
   9    8   36   41   38   32   48   45 
   9   10   36   41   38   32   48   45 
   9   49    8   36   38   32   48   45 
   9   10   49   36   38   32   48   45 
  21   22   49   42   44   41   45   39 
  21   20   49   42   44   41   45   39 
  21   47   22   49   44   41   45   39 
  21   47   20   49   44   41   45   39 
  21   47   22   49   44   35   38   45 
  21   47   20   49   44   35   38   45 
  21   22   49   42   44   41   32   45 
  21   20   49   42   44   41   32   45 
  21   22   49   44   35   38   32   45 
  21   20   49   44   35   38   32   45 
  21   47   43   22   49   44   41   39 
  21   47   20   43   49   44   41   39 
  21   47   22   49   44   41   48   45 
  21   47   20   49   44   41   48   45 
  21   47   22   49   44   38   48   45 
  21   47   20   49   44   38   48   45 
  21   33   47   22   49   44   35   38 
  21   33   47   20   49   44   35   38 
  21   22   49   44   41   32   48   45 
  21   20   49   44   41   32   48   45 
  21   22   49   36   35   38   32   45 
  21   20   49   36   35   38   32   45 
  21   22   49   44   38   32   48   45 
  21   20   49   44   38   32   48   45 
  21   33   47   43   22   49   44   41 
  21   33   47   20   43   49   44   41 
  21   47   22   44   41   38   48   45 
  21   47   20   44   41   38   48   45 
  21   47   22   49   44   41   38   48 
  21   47   20   49   44   41   38   48 
  21   33   47   22   49   44   41   38 
  21   33   47   20   49   44   41   38 
  21   22   44   41   38   32   48   45 
  21   20   44   41   38   32   48   45 
  21   22   49   36   38   32   48   45 
  21   20   49   36   38   32   48   45 
  21   33   47   22   49   41   38   48 
  21   33   47   20   49   41   38   48 
  21   22   36   41   38   32   48   45 
  21   20   36   41   38   32   48   45 
  31   20   49   42   44   19   45   39 
  31   18   49   42   44   19   32   45 
  31   20   49   46   44   19   45   39 
  31   21   20   49   42   44   45   39 
  31   20   49   42   44   19   32   45 
  31   18   49   46   19   35   38   45 
  31   18   49   46   44   19   38   45 
  31   17   49   16   42   44   45   39 
  31   18   17   49   42   44   32   45 
  31   18   49   19   35   38   32   45 
  31   18   49   44   19   38   32   45 
  31   47   20   49   46   44   45   39 
  31   20   43   49   46   44   19   39 
  31   20   49   46   19   35   38   45 
  31   20   49   46   44   19   38   45 
  31   21   22   49   42   44   45   39 
  31   21   47   20   49   44   45   39 
  31   21   47   20   49   44   35   45 
  31   21   20   49   44   35   32   45 
  31   21   20   49   42   44   32   45 
  31   20   49   19   35   38   32   45 
  31   20   49   44   35   38   32   45 
  31   20   49   44   19   38   32   45 
  31   17   49   16   46   44   45   39 
  31   18   17   49   46   35   38   45 
  31   18   17   49   46   44   38   45 
  31   33   18   43   49   46   44   19 
  31   33   18   49   46   19   35   38 
  31   33   18   49   46   44   19   38 
  31   17   49   16   42   44   32   45 
  31   18   17   49   35   38   32   45 
  31   18   17   49   44   38   32   45 
  31   47   20   43   49   46   44   39 
  31   47   49   46   44   35   38   45 
  31   47   20   49   44   35   38   45 
  31   47   20   49   46   35   38   45 
  31   47   20   49   46   44   38   45 
  31   33   20   43   49   46   44   19 
  31   33   20   49   46   19   35   38 
  31   33   20   49   46   44   19   38 
  31   23   22   49   42   44   45   39 
  31   21   47   22   49   44   45   39 
  31   21   47   22   49   44   35   45 
  31   21   22   49   44   35   32   45 
  31   21   22   49   42   44   32   45 
  31   21   47   20   43   49   44   39 
  31   15   49   16   46   44   45   39 
  31   43   17   49   16   46   44   39 
  31   17   49   16   46   35   38   45 
  31   17   49   16   46   44   38   45 
  31   33   18   43   17   49   46   44 
  31   33   18   17   49   46   35   38 
  31   33   18   17   49   46   44   38 
  31   15   49   16   35   38   32   45 
  31   15   49   16   44   38   32   45 
  31   17   49   16   35   38   32   45 
  31   17   49   16   44   38   32   45 
  31   33   47   43   49   46   44   35 
  31   33   47   20   43   49   46   44 
  31   33   47   49   46   44   35   38 
  31   33   47   20   49   44   35   38 
  31   33   47   20   49   46   35   38 
  31   33   47   20   49   46   44   38 
  31   23   49   24   42   44   45   39 
  31   47   23   22   49   44   45   39 
  31   47   23   22   49   44   35   45 
  31   23   22   49   44   35   32   45 
  31   23   22   49   42   44   32   45 
  31   21   47   43   22   49   44   39 
  31   21   33   47   20   49   44   35 
  31   21   33   47   20   43   49   44 
  31   15   49   46   14   44   45   39 
  31   15   49   16   46   35   38   45 
  31   15   49   16   46   44   38   45 
  31   33   43   17   49   16   46   44 
  31   33   17   49   16   46   35   38 
  31   33   17   49   16   46   44   38 
  31   13   49   14   44   35   32   45 
  31   13   49   14   42   44   32   45 
  31   13   49   14   42   44   45   39 
  31   49   14   44   35   38   32   45 
  31   15   49   14   35   38   32   45 
  31   15   49   14   44   38   32   45 
  31   25   49   24   42   44   45   39 
  31   47   23   49   24   44   45   39 
  31   47   23   49   24   44   35   45 
  31   23   49   24   44   35   32   45 
  31   23   49   24   42   44   32   45 
  31   47   23   43   22   49   44   39 
  31   21   33   47   22   49   44   35 
  31   21   33   47   43   22   49   44 
  31   13   49   46   14   44   45   39 
  31   13   49   46   14   44   35   45 
  31   49   46   14   44   35   38   45 
  31   15   49   46   14   35   38   45 
  31   15   49   46   14   44   38   45 
  31   33   15   49   16   46   35   38 
  31   33   15   49   16   46   44   38 
  31   12   13   49   44   35   32   45 
  31   12   13   49   42   44   32   45 
  31   12   13   49   42   44   45   39 
  31   25   26   49   42   44   45   39 
  31   47   25   49   24   44   45   39 
  31   47   25   49   24   44   35   45 
  31   25   49   24   44   35   32   45 
  31   25   49   24   42   44   32   45 
  31   47   23   43   49   24   44   39 
  31   33   47   23   22   49   44   35 
  31   33   47   23   43   22   49   44 
  31   12   13   49   46   44   45   39 
  31   12   13   49   46   44   35   45 
  31   13   43   49   46   14   44   39 
  31   33   13   49   46   14   44   35 
  31   33   13   43   49   46   14   44 
  31   33   49   46   14   44   35   38 
  31   33   15   49   46   14   35   38 
  31   33   15   49   46   14   44   38 
  31   12   11   49   44   35   32   45 
  31   12   11   49   42   44   32   45 
  31   12   11   49   42   44   45   39 
  31   27   26   49   42   44   45   39 
  31   47   25   26   49   44   45   39 
  31   47   25   26   49   44   35   45 
  31   25   26   49   44   35   32   45 
  31   25   26   49   42   44   32   45 
  31   47   25   43   49   24   44   39 
  31   33   47   23   49   24   44   35 
  31   33   47   23   43   49   24   44 
  31   12   11   49   46   44   45   39 
  31   12   11   49   46   44   35   45 
  31   12   13   43   49   46   44   39 
  31   12   33   13   49   46   44   35 
  31   12   33   13   43   49   46   44 
  31   10   11   49   44   35   32   45 
  31   10   11   49   42   44   32   45 
  31   10   11   49   42   44   45   39 
  31   27   28   49   42   44   45   39 
  31   27   47   26   49   44   45   39 
  31   27   47   26   49   44   35   45 
  31   27   26   49   44   35   32   45 
  31   27   26   49   42   44   32   45 
  31   47   25   43   26   49   44   39 
  31   33   47   25   49   24   44   35 
  31   33   47   25   43   49   24   44 
  31   10   11   49   46   44   45   39 
  31   10   11   49   46   44   35   45 
  31   12   43   11   49   46   44   39 
  31   12   33   11   49   46   44   35 
  31   12   33   43   11   49   46   44 
  31    9   10   49   44   35   32   45 
  31    9   10   49   42   44   32   45 
  31    9   10   49   42   44   45   39 
  31   28   49   42   44   45   39   29 
  31   27   47   28   49   44   45   39 
  31   27   47   28   49   44   35   45 
  31   27   28   49   44   35   32   45 
  31   27   28   49   42   44   32   45 
  31   27   47   43   26   49   44   39 
  31   33   47   25   26   49   44   35 
  31   33   47   25   43   26   49   44 
  31    9   10   49   46   44   45   39 
  31    9   10   49   46   44   35   45 
  31   10   43   11   49   46   44   39 
  31   33   10   11   49   46   44   35 
  31   33   10   43   11   49   46   44 
  31    9   49    8   44   35   32   45 
  31    9   49    8   42   44   32   45 
  31    9   49    8   42   44   45   39 
  31   47   49   42   44   45   39   29 
  31   47   28   49   44   45   39   29 
  31   47   28   49   44   35   45   29 
  31   28   49   44   35   32   45   29 
  31   28   49   42   44   32   45   29 
  31   27   47   28   43   49   44   39 
  31   27   33   47   26   49   44   35 
  31   27   33   47   43   26   49   44 
  31    9   49    8   46   44   45   39 
  31    9   49    8   46   44   35   45 
  31    9   10   43   49   46   44   39 
  31    9   33   10   49   46   44   35 
  31    9   33   10   43   49   46   44 
  31    7   49    8   44   35   32   45 
  31    7   49    8   42   44   32   45 
  31    7   49    8   42   44   45   39 
  31   47   49   44   35   32   45   29 
  31   47   49   42   44   32   45   29 
  31   47   49   42   44   35   32   29 
  31   47   49   42   44   35   32   45 
  31   47   28   43   49   44   39   29 
  31   27   33   47   28   49   44   35 
  31   27   33   47   28   43   49   44 
  31    7   49    8   46   44   45   39 
  31    7   49    8   46   44   35   45 
  31    9   43   49    8   46   44   39 
  31    9   33   49    8   46   44   35 
  31    9   33   43   49    8   46   44 
  31    6    7   49   44   35   32   45 
  31    6    7   49   42   44   32   45 
  31    6    7   49   42   44   45   39 
  31   33   47   43   49   44   35   29 
  31   33   47   28   49   44   35   29 
  31   33   47   28   43   49   44   29 
  31    6    7   49   46   44   45   39 
  31    6    7   49   46   44   35   45 
  31    7   43   49    8   46   44   39 
  31   33    7   49    8   46   44   35 
  31   33    7   43   49    8   46   44 
  31    6    5   49   44   35   32   45 
  31    6    5   49   42   44   32   45 
  31    6    5   49   42   44   45   39 
  31    6    5   49   46   44   45   39 
  31    6    5   49   46   44   35   45 
  31    6    7   43   49   46   44   39 
  31    6   33    7   49   46   44   35 
  31    6   33    7   43   49   46   44 
  31    4    5   49   44   35   32   45 
  31    4    5   49   42   44   32   45 
  31    4    5   49   42   44   45   39 
  31    4    5   49   46   44   45   39 
  31    4    5   49   46   44   35   45 
  31    6   43    5   49   46   44   39 
  31    6   33    5   49   46   44   35 
  31    6   33   43    5   49   46   44 
  31    3    4   49   44   35   32   45 
  31    3    4   49   42   44   32   45 
  31    3    4   49   42   44   45   39 
  31    3    4   49   46   44   45   39 
  31    3    4   49   46   44   35   45 
  31    4   43    5   49   46   44   39 
  31   33    4    5   49   46   44   35 
  31   33    4   43    5   49   46   44 
  31   49   42   44   35   32   45    0 
  31    3    4   43   49   46   44   39 
  31    3   33    4   49   46   44   35 
  31    3   33    4   43   49   46   44 
  31   49   46   42   44   45   39    0 
  31   49   46   42   44   35   39    0 
  31   49   46   42   44   35   45    0 
  31   43   49   46   44   35   39    0 
  31   33   43   49   46   44   35    0 
   2    3   49   42   44   41   45   39 
   2    3   49   46   44   41   45   39 
   2   31    3   49   42   44   45   39 
   2    3   49   42   44   41   32   45 
   2   31    3   49   46   44   45   39 
   2    3   43   49   46   44   41   39 
   2    3   49   46   44   41   48   45 
   2   31    3   49   42   44   32   45 
   2    3   49   44   41   32   48   45 
   2   31    3   43   49   46   44   39 
   2   31    3   49   46   44   35   45 
   2    3   33   43   49   46   44   41 
   2    3   46   44   41   38   48   45 
   2    3   49   46   44   38   48   45 
   2    3   49   46   44   41   38   48 
   2   31    3   49   44   35   32   45 
   2    3   44   41   38   32   48   45 
   2    3   49   44   38   32   48   45 
   2   31    3   33   43   49   46   44 
   2    3   49   46   44   35   38   45 
   2   31    3   33   49   46   44   35 
   2    3   33   49   46   44   41   38 
   2    3   33   49   46   41   38   48 
   2    3   49   44   35   38   32   45 
   2    3   36   41   38   32   48   45 
   2    3   49   36   38   32   48   45 
   2    3   33   49   46   44   35   38 
   2    3   49   36   35   38   32   45 
   1   49   42   44   41   45   39    0 
   1    2   49   42   44   41   45   39 
   1   49   46   44   41   45   39    0 
   1    2   49   46   44   41   45   39 
   1   31   49   42   44   45   39    0 
   1    2   31   49   42   44   45   39 
   1   49   42   44   41   32   45    0 
   1    2   49   42   44   41   32   45 
   1   31   49   46   44   45   39    0 
   1    2   31   49   46   44   45   39 
   1   43   49   46   44   41   39    0 
   1    2   43   49   46   44   41   39 
   1   49   46   44   41   48   45    0 
   1    2   49   46   44   41   48   45 
   1   31   49   42   44   32   45    0 
   1    2   31   49   42   44   32   45 
   1   49   44   41   32   48   45    0 
   1    2   49   44   41   32   48   45 
   1   31   43   49   46   44   39    0 
   1    2   31   43   49   46   44   39 
   1   31   49   46   44   35   45    0 
   1    2   31   49   46   44   35   45 
   1   33   43   49   46   44   41    0 
   1    2   33   43   49   46   44   41 
   1   46   44   41   38   48   45    0 
   1    2   46   44   41   38   48   45 
   1   49   46   44   38   48   45    0 
   1    2   49   46   44   38   48   45 
   1   49   46   44   41   38   48    0 
   1    2   49   46   44   41   38   48 
   1   31   49   44   35   32   45    0 
   1    2   31   49   44   35   32   45 
   1   44   41   38   32   48   45    0 
   1    2   44   41   38   32   48   45 
   1   49   44   38   32   48   45    0 
   1    2   49   44   38   32   48   45 
   1   31   33   43   49   46   44    0 
   1    2   31   33   43   49   46   44 
   1   49   46   44   35   38   45    0 
   1    2   49   46   44   35   38   45 
   1   31   33   49   46   44   35    0 
   1    2   31   33   49   46   44   35 
   1   33   49   46   44   41   38    0 
   1    2   33   49   46   44   41   38 
   1   33   49   46   41   38   48    0 
   1    2   33   49   46   41   38   48 
   1   49   44   35   38   32   45    0 
   1    2   49   44   35   38   32   45 
   1   36   41   38   32   48   45    0 
   1    2   36   41   38   32   48   45 
   1   49   36   38   32   48   45    0 
   1    2   49   36   38   32   48   45 
   1   33   49   46   44   35   38    0 
   1    2   33   49   46   44   35   38 
   1   49   36   35   38   32   45    0 
   1    2   49   36   35   38   32   45 
  37   40   46   41   38   48   45    0 
  37    1   46   41   38   48   45    0 
  37   40   36   41   38   48   45    0 
  37    1   36   41   38   48   45    0 
  37   33   40   46   41   38   48    0 
  37    1   33   46   41   38   48    0 
  37    1    2   46   41   38   48   45 
  37    1    2   36   41   38   48   45 
  37   40   46   36   38   48   45    0 
  37   40   46   36   38   30   48    0 
  37   40   46   36   38   30   48   45 
  37   33   40   46   38   30   48    0 
  37    1    2   33   46   41   38   48 
  37    2    3   46   41   38   48   45 
  37    2    3   36   41   38   48   45 
  37   46   34   36   38   30   48    0 
  37   46   34   36   38   30   48   45 
  37    2    3   33   46   41   38   48 
  37    3    4   46   41   38   48   45 
  37    3    4   36   41   38   48   45 
  37   49   46   34   38   30   48    0 
  37   33   49   46   38   30   48    0 
  37   33   49   46   34   38   30    0 
  37    3   33    4   46   41   38   48 
  37    4    5   46   41   38   48   45 
  37    4    5   36   41   38   48   45 
  37   49   46   36   38   48   45    0 
  37   49   46   36   35   38   45    0 
  37   49   46   36   35   38   48    0 
  37    1   49   36   38   48   45    0 
  37    1   49   36   35   38   45    0 
  37    1   49   46   38   48   45    0 
  37    1   49   46   35   38   45    0 
  37   46   34   36   35   38   48    0 
  37   49   46   34   35   38   48    0 
  37   33   49   46   34   35   38    0 
  37   47   49   46   34   38   30   48 
  37   33    4    5   46   41   38   48 
  37    6    5   46   41   38   48   45 
  37    6    5   36   41   38   48   45 
  37    1    2   49   36   38   48   45 
  37    1    2   49   36   35   38   45 
  37    1   33   49   46   38   48    0 
  37    1   33   49   46   35   38    0 
  37    1    2   49   46   38   48   45 
  37    1    2   49   46   35   38   45 
  37   47   40   49   46   38   30   48 
  37   33   40   49   46   38   30   48 
  37   33   47   40   49   46   38   48 
  37    6   33    5   46   41   38   48 
  37    6    7   46   41   38   48   45 
  37    6    7   36   41   38   48   45 
  37    2    3   49   36   38   48   45 
  37    2    3   49   36   35   38   45 
  37    1    2   33   49   46   38   48 
  37    1    2   33   49   46   35   38 
  37    2    3   49   46   38   48   45 
  37    2    3   49   46   35   38   45 
  37   33   47   20   49   46   38   48 
  37   33   47   20   49   46   35   38 
  37   47   46   34   38   30   48   45 
  37   47   40   34   38   30   48   29 
  37   47   40   49   34   38   48   29 
  37   47   40   49   34   38   30   48 
  37    6   33    7   46   41   38   48 
  37    7    8   46   41   38   48   45 
  37    7    8   36   41   38   48   45 
  37    3    4   49   36   38   48   45 
  37    3    4   49   36   35   38   45 
  37    2    3   33   49   46   38   48 
  37    2    3   33   49   46   35   38 
  37    3    4   49   46   38   48   45 
  37    3    4   49   46   35   38   45 
  37   33   47   28   49   38   48   29 
  37   33   47   28   49   35   38   29 
  37   47   20   49   46   38   48   45 
  37   47   20   49   46   35   38   45 
  37   33   20   49   46   19   38   48 
  37   33   20   49   46   19   35   38 
  37   21   33   47   20   49   38   48 
  37   21   33   47   20   49   35   38 
  37   47   40   46   38   30   48   45 
  37   33   47   40   46   41   38   48 
  37   33   47   20   46   41   38   48 
  37   33   47   49   41   38   48   29 
  37   33   47   40   49   41   38   48 
  37   33    7    8   46   41   38   48 
  37    9    8   46   41   38   48   45 
  37    9    8   36   41   38   48   45 
  37    4    5   49   36   38   48   45 
  37    4    5   49   36   35   38   45 
  37    3   33    4   49   46   38   48 
  37    3   33    4   49   46   35   38 
  37    4    5   49   46   38   48   45 
  37    4    5   49   46   35   38   45 
  37   27   33   47   26   49   38   48 
  37   27   33   47   26   49   35   38 
  37   27   33   47   28   49   38   48 
  37   27   33   47   28   49   35   38 
  37   47   28   49   38   48   45   29 
  37   47   28   49   35   38   45   29 
  37   20   49   46   19   38   48   45 
  37   20   49   46   19   35   38   45 
  37   21   47   20   49   38   48   45 
  37   21   47   20   49   35   38   45 
  37   33   18   49   46   19   38   48 
  37   33   18   49   46   19   35   38 
  37   21   33   47   22   49   38   48 
  37   21   33   47   22   49   35   38 
  37   47   40   46   41   38   48   45 
  37   47   20   46   41   38   48   45 
  37   33   20   46   19   41   38   48 
  37   21   33   47   20   41   38   48 
  37   47   34   36   38   30   48   29 
  37   47   34   36   38   30   48   45 
  37   33   47   28   41   38   48   29 
  37   47   49   44   41   38   48   29 
  37   47   40   44   41   38   48   29 
  37   47   40   49   44   38   48   29 
  37   47   40   49   44   41   48   29 
  37   47   40   49   44   41   38   48 
  37   33   47   49   44   41   38   29 
  37   33   47   40   49   44   41   29 
  37   33   47   40   49   44   41   38 
  37    9   33    8   46   41   38   48 
  37    9   10   46   41   38   48   45 
  37    9   10   36   41   38   48   45 
  37    6    5   49   36   38   48   45 
  37    6    5   49   36   35   38   45 
  37   33    4    5   49   46   38   48 
  37   33    4    5   49   46   35   38 
  37    6    5   49   46   38   48   45 
  37    6    5   49   46   35   38   45 
  37   27   28   49   36   38   48   45 
  37   27   28   49   36   35   38   45 
  37   27   47   28   49   38   48   45 
  37   27   47   28   49   35   38   45 
  37   33   47   25   26   49   38   48 
  37   33   47   25   26   49   35   38 
  37   27   26   49   36   38   48   45 
  37   27   26   49   36   35   38   45 
  37   27   47   26   49   38   48   45 
  37   27   47   26   49   35   38   45 
  37   20   49   36   19   38   48   45 
  37   20   49   36   19   35   38   45 
  37   21   20   49   36   38   48   45 
  37   21   20   49   36   35   38   45 
  37   47   49   36   38   48   45   29 
  37   47   49   36   35   38   45   29 
  37   28   49   36   38   48   45   29 
  37   28   49   36   35   38   45   29 
  37   33   47   49   44   35   38   29 
  37   33   47   43   49   44   35   29 
  37   18   49   46   19   38   48   45 
  37   18   49   46   19   35   38   45 
  37   21   47   22   49   38   48   45 
  37   21   47   22   49   35   38   45 
  37   33   18   17   49   46   38   48 
  37   33   18   17   49   46   35   38 
  37   33   47   23   22   49   38   48 
  37   33   47   23   22   49   35   38 
  37   20   46   19   41   38   48   45 
  37   21   47   20   41   38   48   45 
  37   33   18   46   19   41   38   48 
  37   21   33   47   22   41   38   48 
  37   47   40   36   38   30   48   29 
  37   47   40   36   38   30   48   45 
  37   47   28   41   38   48   45   29 
  37   27   33   47   28   41   38   48 
  37   33   47   43   40   49   44   29 
  37    9   33   10   46   41   38   48 
  37   10   11   46   41   38   48   45 
  37   10   11   36   41   38   48   45 
  37    6    7   49   36   38   48   45 
  37    6    7   49   36   35   38   45 
  37    6   33    5   49   46   38   48 
  37    6   33    5   49   46   35   38 
  37    6    7   49   46   38   48   45 
  37    6    7   49   46   35   38   45 
  37   25   26   49   36   38   48   45 
  37   25   26   49   36   35   38   45 
  37   47   25   26   49   38   48   45 
  37   47   25   26   49   35   38   45 
  37   33   47   25   49   24   38   48 
  37   33   47   25   49   24   35   38 
  37   27   33   47   26   41   38   48 
  37   18   49   36   19   38   48   45 
  37   18   49   36   19   35   38   45 
  37   21   22   49   36   38   48   45 
  37   21   22   49   36   35   38   45 
  37   18   17   49   46   38   48   45 
  37   18   17   49   46   35   38   45 
  37   47   23   22   49   38   48   45 
  37   47   23   22   49   35   38   45 
  37   33   17   49   16   46   38   48 
  37   33   17   49   16   46   35   38 
  37   33   47   23   49   24   38   48 
  37   33   47   23   49   24   35   38 
  37   18   46   19   41   38   48   45 
  37   20   36   19   41   38   48   45 
  37   21   20   36   41   38   48   45 
  37   21   47   22   41   38   48   45 
  37   33   18   17   46   41   38   48 
  37   33   47   23   22   41   38   48 
  37   28   36   41   38   48   45   29 
  37   47   36   41   38   48   45   29 
  37   47   40   36   41   38   48   29 
  37   47   40   36   41   38   48   45 
  37   27   47   28   41   38   48   45 
  37   33   10   11   46   41   38   48 
  37   12   11   46   41   38   48   45 
  37   12   11   36   41   38   48   45 
  37    7   49    8   36   38   48   45 
  37    7   49    8   36   35   38   45 
  37    6   33    7   49   46   38   48 
  37    6   33    7   49   46   35   38 
  37    7   49    8   46   38   48   45 
  37    7   49    8   46   35   38   45 
  37   27   28   36   41   38   48   45 
  37   25   49   24   36   38   48   45 
  37   25   49   24   36   35   38   45 
  37   47   25   49   24   38   48   45 
  37   47   25   49   24   35   38   45 
  37   33   47   25   26   41   38   48 
  37   27   26   36   41   38   48   45 
  37   27   47   26   41   38   48   45 
  37   18   17   49   36   38   48   45 
  37   18   17   49   36   35   38   45 
  37   23   22   49   36   38   48   45 
  37   23   22   49   36   35   38   45 
  37   17   49   16   46   38   48   45 
  37   17   49   16   46   35   38   45 
  37   47   23   49   24   38   48   45 
  37   47   23   49   24   35   38   45 
  37   33   15   49   16   46   38   48 
  37   33   15   49   16   46   35   38 
  37   18   36   19   41   38   48   45 
  37   18   17   46   41   38   48   45 
  37   21   22   36   41   38   48   45 
  37   47   23   22   41   38   48   45 
  37   33   17   16   46   41   38   48 
  37   33   47   23   24   41   38   48 
  37   12   33   11   46   41   38   48 
  37   12   13   46   41   38   48   45 
  37   12   13   36   41   38   48   45 
  37    9   49    8   36   38   48   45 
  37    9   49    8   36   35   38   45 
  37   33    7   49    8   46   38   48 
  37   33    7   49    8   46   35   38 
  37    9   49    8   46   38   48   45 
  37    9   49    8   46   35   38   45 
  37   23   49   24   36   38   48   45 
  37   23   49   24   36   35   38   45 
  37   25   26   36   41   38   48   45 
  37   47   25   26   41   38   48   45 
  37   33   47   25   24   41   38   48 
  37   17   49   16   36   38   48   45 
  37   17   49   16   36   35   38   45 
  37   15   49   16   46   38   48   45 
  37   15   49   16   46   35   38   45 
  37   33   15   49   46   14   38   48 
  37   33   15   49   46   14   35   38 
  37   18   17   36   41   38   48   45 
  37   17   16   46   41   38   48   45 
  37   23   22   36   41   38   48   45 
  37   47   23   24   41   38   48   45 
  37   33   15   16   46   41   38   48 
  37   12   33   13   46   41   38   48 
  37   13   46   14   41   38   48   45 
  37   13   14   36   41   38   48   45 
  37    9   10   49   36   38   48   45 
  37    9   10   49   36   35   38   45 
  37    9   33   49    8   46   38   48 
  37    9   33   49    8   46   35   38 
  37    9   10   49   46   38   48   45 
  37    9   10   49   46   35   38   45 
  37   25   24   36   41   38   48   45 
  37   47   25   24   41   38   48   45 
  37   15   49   16   36   38   48   45 
  37   15   49   16   36   35   38   45 
  37   15   49   46   14   38   48   45 
  37   15   49   46   14   35   38   45 
  37   33   13   49   46   14   38   48 
  37   33   13   49   46   14   35   38 
  37   17   16   36   41   38   48   45 
  37   15   16   46   41   38   48   45 
  37   23   24   36   41   38   48   45 
  37   33   15   46   14   41   38   48 
  37   33   13   46   14   41   38   48 
  37   15   46   14   41   38   48   45 
  37   15   14   36   41   38   48   45 
  37   10   11   49   36   38   48   45 
  37   10   11   49   36   35   38   45 
  37    9   33   10   49   46   38   48 
  37    9   33   10   49   46   35   38 
  37   10   11   49   46   38   48   45 
  37   10   11   49   46   35   38   45 
  37   15   49   14   36   38   48   45 
  37   15   49   14   36   35   38   45 
  37   13   49   46   14   38   48   45 
  37   13   49   46   14   35   38   45 
  37   12   33   13   49   46   38   48 
  37   12   33   13   49   46   35   38 
  37   15   16   36   41   38   48   45 
  37   12   11   49   36   38   48   45 
  37   12   11   49   36   35   38   45 
  37   33   10   11   49   46   38   48 
  37   33   10   11   49   46   35   38 
  37   12   11   49   46   38   48   45 
  37   12   11   49   46   35   38   45 
  37   13   49   14   36   38   48   45 
  37   13   49   14   36   35   38   45 
  37   12   13   49   46   38   48   45 
  37   12   13   49   46   35   38   45 
  37   12   33   11   49   46   38   48 
  37   12   33   11   49   46   35   38 
  37   12   13   49   36   38   48   45 
  37   12   13   49   36   35   38   45 
  15   14   42   44   41   32   45   39 
  15   49   14   42   41   32   45   39 
  15   49   14   42   44   41   32   39 
  15   49   14   42   44   32   45   39 
  15   49   14   42   44   41   45   39 
  15   49   14   42   44   41   32   45 
  15   16   42   44   41   32   45   39 
  15   49   16   42   41   32   45   39 
  15   49   16   42   44   41   32   39 
  15   49   16   42   44   32   45   39 
  15   49   16   42   44   41   45   39 
  15   49   16   42   44   41   32   45 
  33   43   15   49   16   46   41   39 
  33   43   15   16   46   44   41   39 
  33   43   15   49   16   44   41   39 
  33   15   49   16   46   44   41   39 
  33   43   49   16   46   44   41   39 
  33   43   15   49   16   46   44   39 
  33   43   15   49   46   14   41   39 
  33   43   15   46   14   44   41   39 
  33   43   15   49   14   44   41   39 
  33   15   49   46   14   44   41   39 
  33   43   49   46   14   44   41   39 
  33   43   15   49   46   14   44   39 
  31   18   42   44   19   41   45   39 
  31   18   49   42   44   19   41   39 
  31   18   49   42   19   41   45   39 
  31   49   42   44   19   41   45   39 
  31   18   49   42   44   19   41   45 
  31   18   46   44   19   41   45   39 
  31   18   49   46   19   41   45   39 
  31   49   46   44   19   41   45   39 
  31   18   49   46   44   19   41   45 
  31   18   17   42   44   41   45   39 
  31   18   17   49   42   44   41   39 
  31   18   17   49   42   41   45   39 
  31   17   49   42   44   41   45   39 
  31   18   17   49   42   44   41   45 
  31   18   17   46   44   41   45   39 
  31   18   17   49   46   41   45   39 
  31   17   49   46   44   41   45   39 
  31   18   17   49   46   44   41   45 
  31   18   43   49   44   19   41   39 
  31   18   43   46   44   19   41   39 
  31   18   43   49   46   19   41   39 
  31   43   49   46   44   19   41   39 
  31   18   43   49   46   44   19   41 
  31   18   43   17   49   44   41   39 
  31   18   43   17   46   44   41   39 
  31   18   43   17   49   46   41   39 
  31   43   17   49   46   44   41   39 
  31   18   43   17   49   46   44   41 
  31   43   15   49   46   14   44   39 
  31   33   43   15   49   46   14   44 
  31   43   15   49   16   46   44   39 
  31   33   43   15   49   16   46   44 
  31   15   49   14   44   32   45   39 
  31   49   14   42   44   32   45   39 
  31   15   49   16   44   32   45   39 
  31   49   16   42   44   32   45   39 
  1.2787  61.9530 2.4604  3.246e-11 
  1.2391  61.4110 2.4614  3.246e-11 
  1.2304  61.2860 2.4664  3.248e-11 
  1.2246  61.1960 2.4733  3.250e-11 
  1.2156  61.0580 2.4860  3.254e-11 
  1.2058  60.9190 2.4976  3.258e-11 
  1.1956  60.7810 2.5082  3.261e-11 
  1.1852  60.6470 2.5182  3.265e-11 
  1.1748  60.5180 2.5276  3.268e-11 
  1.1645  60.3940 2.5364  3.270e-11 
  1.1544  60.2770 2.5449  3.273e-11 
  1.1445  60.1660 2.5530  3.276e-11 
  1.1349  60.0610 2.5608  3.279e-11 
  1.1255  59.9610 2.5683  3.281e-11 
  1.1118  59.8210 2.5792  3.285e-11 
  1.0901  59.6100 2.5962  3.290e-11 
  1.0694  59.4190 2.6123  3.296e-11 
  1.0496  59.2450 2.6275  3.301e-11 
  1.0306  59.0860 2.6420  3.306e-11 
  1.0123  58.9380 2.6558  3.310e-11 
  0.9945  58.8000 2.6691  3.315e-11 
  0.9772  58.6690 2.6819  3.319e-11 
  0.9604  58.5450 2.6943  3.323e-11 
  0.9440  58.4290 2.7062  3.327e-11 
  0.9281  58.3180 2.7178  3.331e-11 
  0.9126  58.2140 2.7290  3.334e-11 
  0.8977  58.1170 2.7399  3.338e-11 
  0.8833  58.0250 2.7504  3.342e-11 
  0.8694  57.9390 2.7605  3.345e-11 
  0.8561  57.8580 2.7702  3.348e-11 
  1.3015  62.1280 2.4603  3.246e-11 
  1.0873  59.6000 2.5964  3.290e-11 
  1.2790  38.8940 2.4560  3.245e-11 
  1.0837  65.3150 2.5982  3.291e-11 
  1.2460  61.3590 2.4729  3.250e-11 
  1.1319  60.0570 2.5604  3.278e-11 
  1.2177  38.4120 2.4766  3.251e-11 
  0.9891  64.4180 2.6699  3.315e-11 
  1.3857  63.4640 2.4592  3.245e-11 
  1.0878  59.5950 2.5971  3.291e-11 
  1.2368  61.2180 2.4858  3.254e-11 
  1.0316  59.0830 2.6427  3.306e-11 
  1.2763  38.8920 2.4560  3.245e-11 
  1.0813  65.2960 2.5991  3.291e-11 
  1.3792  63.4380 2.4593  3.245e-11 
  1.0931  55.6460 2.5923  3.289e-11 
  1.1916  66.6820 2.5089  3.261e-11 
  0.8410  63.3460 2.7716  3.348e-11 
  0.9137  57.5740 2.6986  3.324e-11 
  0.9396  63.3650 2.6756  3.316e-11 
