    0.00   900.00   580.00   900.00   900.00   580.00   900.00 
    0.50   900.00   580.00   900.00   900.00   580.00   900.00 
    5.00   900.00   580.00   900.00   900.00   580.00   900.00 
   20.00   900.00   580.00   900.00   900.00   580.00   900.00 
   50.00   900.00   580.00   900.00   900.00   580.00   900.00 
    0.00   900.00   580.00   900.00   293.00   580.00   900.00 
    0.50   900.00   580.00   900.00   293.00   580.00   900.00 
    5.00   900.00   580.00   900.00   293.00   580.00   900.00 
   20.00   900.00   580.00   900.00   293.00   580.00   900.00 
   50.00   900.00   580.00   900.00   293.00   580.00   900.00 
    0.00   900.00   580.00   900.00   800.00   580.00   900.00 
    0.50   900.00   580.00   900.00   800.00   580.00   900.00 
    5.00   900.00   580.00   900.00   800.00   580.00   900.00 
   20.00   900.00   580.00   900.00   800.00   580.00   900.00 
   50.00   900.00   580.00   900.00   800.00   580.00   900.00 
    0.00   900.00   580.00   900.00  1000.00   580.00   900.00 
    0.50   900.00   580.00   900.00  1000.00   580.00   900.00 
    5.00   900.00   580.00   900.00  1000.00   580.00   900.00 
   20.00   900.00   580.00   900.00  1000.00   580.00   900.00 
   50.00   900.00   580.00   900.00  1000.00   580.00   900.00 
    0.00   900.00   580.00   900.00   900.00   293.00   900.00 
    0.50   900.00   580.00   900.00   900.00   293.00   900.00 
    5.00   900.00   580.00   900.00   900.00   293.00   900.00 
   20.00   900.00   580.00   900.00   900.00   293.00   900.00 
   50.00   900.00   580.00   900.00   900.00   293.00   900.00 
    0.00   900.00   580.00   900.00   900.00   560.00   900.00 
    0.50   900.00   580.00   900.00   900.00   560.00   900.00 
    5.00   900.00   580.00   900.00   900.00   560.00   900.00 
   20.00   900.00   580.00   900.00   900.00   560.00   900.00 
   50.00   900.00   580.00   900.00   900.00   560.00   900.00 
    0.00   900.00   580.00   900.00   900.00   600.00   900.00 
    0.50   900.00   580.00   900.00   900.00   600.00   900.00 
    5.00   900.00   580.00   900.00   900.00   600.00   900.00 
   20.00   900.00   580.00   900.00   900.00   600.00   900.00 
   50.00   900.00   580.00   900.00   900.00   600.00   900.00 
    0.00   900.00   580.00   900.00   900.00   580.00     0.00 
    0.50   900.00   580.00   900.00   900.00   580.00     0.00 
    5.00   900.00   580.00   900.00   900.00   580.00     0.00 
   20.00   900.00   580.00   900.00   900.00   580.00     0.00 
   50.00   900.00   580.00   900.00   900.00   580.00     0.00 
    0.00   900.00   580.00   900.00   900.00   580.00  1800.00 
    0.50   900.00   580.00   900.00   900.00   580.00  1800.00 
    5.00   900.00   580.00   900.00   900.00   580.00  1800.00 
   20.00   900.00   580.00   900.00   900.00   580.00  1800.00 
   50.00   900.00   580.00   900.00   900.00   580.00  1800.00 
    0.00   800.00   580.00   900.00   800.00   580.00   900.00 
    0.50   800.00   580.00   900.00   800.00   580.00   900.00 
    5.00   800.00   580.00   900.00   800.00   580.00   900.00 
   20.00   800.00   580.00   900.00   800.00   580.00   900.00 
   50.00   800.00   580.00   900.00   800.00   580.00   900.00 
    0.00   800.00   580.00   900.00   293.00   580.00   900.00 
    0.50   800.00   580.00   900.00   293.00   580.00   900.00 
    5.00   800.00   580.00   900.00   293.00   580.00   900.00 
   20.00   800.00   580.00   900.00   293.00   580.00   900.00 
   50.00   800.00   580.00   900.00   293.00   580.00   900.00 
    0.00   800.00   580.00   900.00   900.00   580.00   900.00 
    0.50   800.00   580.00   900.00   900.00   580.00   900.00 
    5.00   800.00   580.00   900.00   900.00   580.00   900.00 
   20.00   800.00   580.00   900.00   900.00   580.00   900.00 
   50.00   800.00   580.00   900.00   900.00   580.00   900.00 
    0.00   800.00   580.00   900.00  1000.00   580.00   900.00 
    0.50   800.00   580.00   900.00  1000.00   580.00   900.00 
    5.00   800.00   580.00   900.00  1000.00   580.00   900.00 
   20.00   800.00   580.00   900.00  1000.00   580.00   900.00 
   50.00   800.00   580.00   900.00  1000.00   580.00   900.00 
    0.00   800.00   580.00   900.00   800.00   293.00   900.00 
    0.50   800.00   580.00   900.00   800.00   293.00   900.00 
    5.00   800.00   580.00   900.00   800.00   293.00   900.00 
   20.00   800.00   580.00   900.00   800.00   293.00   900.00 
   50.00   800.00   580.00   900.00   800.00   293.00   900.00 
    0.00   800.00   580.00   900.00   800.00   560.00   900.00 
    0.50   800.00   580.00   900.00   800.00   560.00   900.00 
    5.00   800.00   580.00   900.00   800.00   560.00   900.00 
   20.00   800.00   580.00   900.00   800.00   560.00   900.00 
   50.00   800.00   580.00   900.00   800.00   560.00   900.00 
    0.00   800.00   580.00   900.00   800.00   600.00   900.00 
    0.50   800.00   580.00   900.00   800.00   600.00   900.00 
    5.00   800.00   580.00   900.00   800.00   600.00   900.00 
   20.00   800.00   580.00   900.00   800.00   600.00   900.00 
   50.00   800.00   580.00   900.00   800.00   600.00   900.00 
    0.00   800.00   580.00   900.00   800.00   580.00     0.00 
    0.50   800.00   580.00   900.00   800.00   580.00     0.00 
    5.00   800.00   580.00   900.00   800.00   580.00     0.00 
   20.00   800.00   580.00   900.00   800.00   580.00     0.00 
   50.00   800.00   580.00   900.00   800.00   580.00     0.00 
    0.00   800.00   580.00   900.00   800.00   580.00  1800.00 
    0.50   800.00   580.00   900.00   800.00   580.00  1800.00 
    5.00   800.00   580.00   900.00   800.00   580.00  1800.00 
   20.00   800.00   580.00   900.00   800.00   580.00  1800.00 
   50.00   800.00   580.00   900.00   800.00   580.00  1800.00 
    0.00  1000.00   580.00   900.00  1000.00   580.00   900.00 
    0.50  1000.00   580.00   900.00  1000.00   580.00   900.00 
    5.00  1000.00   580.00   900.00  1000.00   580.00   900.00 
   20.00  1000.00   580.00   900.00  1000.00   580.00   900.00 
   50.00  1000.00   580.00   900.00  1000.00   580.00   900.00 
    0.00  1000.00   580.00   900.00   293.00   580.00   900.00 
    0.50  1000.00   580.00   900.00   293.00   580.00   900.00 
    5.00  1000.00   580.00   900.00   293.00   580.00   900.00 
   20.00  1000.00   580.00   900.00   293.00   580.00   900.00 
   50.00  1000.00   580.00   900.00   293.00   580.00   900.00 
    0.00  1000.00   580.00   900.00   800.00   580.00   900.00 
    0.50  1000.00   580.00   900.00   800.00   580.00   900.00 
    5.00  1000.00   580.00   900.00   800.00   580.00   900.00 
   20.00  1000.00   580.00   900.00   800.00   580.00   900.00 
   50.00  1000.00   580.00   900.00   800.00   580.00   900.00 
    0.00  1000.00   580.00   900.00   900.00   580.00   900.00 
    0.50  1000.00   580.00   900.00   900.00   580.00   900.00 
    5.00  1000.00   580.00   900.00   900.00   580.00   900.00 
   20.00  1000.00   580.00   900.00   900.00   580.00   900.00 
   50.00  1000.00   580.00   900.00   900.00   580.00   900.00 
    0.00  1000.00   580.00   900.00  1000.00   293.00   900.00 
    0.50  1000.00   580.00   900.00  1000.00   293.00   900.00 
    5.00  1000.00   580.00   900.00  1000.00   293.00   900.00 
   20.00  1000.00   580.00   900.00  1000.00   293.00   900.00 
   50.00  1000.00   580.00   900.00  1000.00   293.00   900.00 
    0.00  1000.00   580.00   900.00  1000.00   560.00   900.00 
    0.50  1000.00   580.00   900.00  1000.00   560.00   900.00 
    5.00  1000.00   580.00   900.00  1000.00   560.00   900.00 
   20.00  1000.00   580.00   900.00  1000.00   560.00   900.00 
   50.00  1000.00   580.00   900.00  1000.00   560.00   900.00 
    0.00  1000.00   580.00   900.00  1000.00   600.00   900.00 
    0.50  1000.00   580.00   900.00  1000.00   600.00   900.00 
    5.00  1000.00   580.00   900.00  1000.00   600.00   900.00 
   20.00  1000.00   580.00   900.00  1000.00   600.00   900.00 
   50.00  1000.00   580.00   900.00  1000.00   600.00   900.00 
    0.00  1000.00   580.00   900.00  1000.00   580.00     0.00 
    0.50  1000.00   580.00   900.00  1000.00   580.00     0.00 
    5.00  1000.00   580.00   900.00  1000.00   580.00     0.00 
   20.00  1000.00   580.00   900.00  1000.00   580.00     0.00 
   50.00  1000.00   580.00   900.00  1000.00   580.00     0.00 
    0.00  1000.00   580.00   900.00  1000.00   580.00  1800.00 
    0.50  1000.00   580.00   900.00  1000.00   580.00  1800.00 
    5.00  1000.00   580.00   900.00  1000.00   580.00  1800.00 
   20.00  1000.00   580.00   900.00  1000.00   580.00  1800.00 
   50.00  1000.00   580.00   900.00  1000.00   580.00  1800.00 
    0.00   900.00   560.00   900.00   900.00   560.00   900.00 
    0.50   900.00   560.00   900.00   900.00   560.00   900.00 
    5.00   900.00   560.00   900.00   900.00   560.00   900.00 
   20.00   900.00   560.00   900.00   900.00   560.00   900.00 
   50.00   900.00   560.00   900.00   900.00   560.00   900.00 
    0.00   900.00   560.00   900.00   293.00   560.00   900.00 
    0.50   900.00   560.00   900.00   293.00   560.00   900.00 
    5.00   900.00   560.00   900.00   293.00   560.00   900.00 
   20.00   900.00   560.00   900.00   293.00   560.00   900.00 
   50.00   900.00   560.00   900.00   293.00   560.00   900.00 
    0.00   900.00   560.00   900.00   800.00   560.00   900.00 
    0.50   900.00   560.00   900.00   800.00   560.00   900.00 
    5.00   900.00   560.00   900.00   800.00   560.00   900.00 
   20.00   900.00   560.00   900.00   800.00   560.00   900.00 
   50.00   900.00   560.00   900.00   800.00   560.00   900.00 
    0.00   900.00   560.00   900.00  1000.00   560.00   900.00 
    0.50   900.00   560.00   900.00  1000.00   560.00   900.00 
    5.00   900.00   560.00   900.00  1000.00   560.00   900.00 
   20.00   900.00   560.00   900.00  1000.00   560.00   900.00 
   50.00   900.00   560.00   900.00  1000.00   560.00   900.00 
    0.00   900.00   560.00   900.00   900.00   293.00   900.00 
    0.50   900.00   560.00   900.00   900.00   293.00   900.00 
    5.00   900.00   560.00   900.00   900.00   293.00   900.00 
   20.00   900.00   560.00   900.00   900.00   293.00   900.00 
   50.00   900.00   560.00   900.00   900.00   293.00   900.00 
    0.00   900.00   560.00   900.00   900.00   580.00   900.00 
    0.50   900.00   560.00   900.00   900.00   580.00   900.00 
    5.00   900.00   560.00   900.00   900.00   580.00   900.00 
   20.00   900.00   560.00   900.00   900.00   580.00   900.00 
   50.00   900.00   560.00   900.00   900.00   580.00   900.00 
    0.00   900.00   560.00   900.00   900.00   600.00   900.00 
    0.50   900.00   560.00   900.00   900.00   600.00   900.00 
    5.00   900.00   560.00   900.00   900.00   600.00   900.00 
   20.00   900.00   560.00   900.00   900.00   600.00   900.00 
   50.00   900.00   560.00   900.00   900.00   600.00   900.00 
    0.00   900.00   560.00   900.00   900.00   560.00     0.00 
    0.50   900.00   560.00   900.00   900.00   560.00     0.00 
    5.00   900.00   560.00   900.00   900.00   560.00     0.00 
   20.00   900.00   560.00   900.00   900.00   560.00     0.00 
   50.00   900.00   560.00   900.00   900.00   560.00     0.00 
    0.00   900.00   560.00   900.00   900.00   560.00  1800.00 
    0.50   900.00   560.00   900.00   900.00   560.00  1800.00 
    5.00   900.00   560.00   900.00   900.00   560.00  1800.00 
   20.00   900.00   560.00   900.00   900.00   560.00  1800.00 
   50.00   900.00   560.00   900.00   900.00   560.00  1800.00 
    0.00   900.00   600.00   900.00   900.00   600.00   900.00 
    0.50   900.00   600.00   900.00   900.00   600.00   900.00 
    5.00   900.00   600.00   900.00   900.00   600.00   900.00 
   20.00   900.00   600.00   900.00   900.00   600.00   900.00 
   50.00   900.00   600.00   900.00   900.00   600.00   900.00 
    0.00   900.00   600.00   900.00   293.00   600.00   900.00 
    0.50   900.00   600.00   900.00   293.00   600.00   900.00 
    5.00   900.00   600.00   900.00   293.00   600.00   900.00 
   20.00   900.00   600.00   900.00   293.00   600.00   900.00 
   50.00   900.00   600.00   900.00   293.00   600.00   900.00 
    0.00   900.00   600.00   900.00   800.00   600.00   900.00 
    0.50   900.00   600.00   900.00   800.00   600.00   900.00 
    5.00   900.00   600.00   900.00   800.00   600.00   900.00 
   20.00   900.00   600.00   900.00   800.00   600.00   900.00 
   50.00   900.00   600.00   900.00   800.00   600.00   900.00 
    0.00   900.00   600.00   900.00  1000.00   600.00   900.00 
    0.50   900.00   600.00   900.00  1000.00   600.00   900.00 
    5.00   900.00   600.00   900.00  1000.00   600.00   900.00 
   20.00   900.00   600.00   900.00  1000.00   600.00   900.00 
   50.00   900.00   600.00   900.00  1000.00   600.00   900.00 
    0.00   900.00   600.00   900.00   900.00   293.00   900.00 
    0.50   900.00   600.00   900.00   900.00   293.00   900.00 
    5.00   900.00   600.00   900.00   900.00   293.00   900.00 
   20.00   900.00   600.00   900.00   900.00   293.00   900.00 
   50.00   900.00   600.00   900.00   900.00   293.00   900.00 
    0.00   900.00   600.00   900.00   900.00   560.00   900.00 
    0.50   900.00   600.00   900.00   900.00   560.00   900.00 
    5.00   900.00   600.00   900.00   900.00   560.00   900.00 
   20.00   900.00   600.00   900.00   900.00   560.00   900.00 
   50.00   900.00   600.00   900.00   900.00   560.00   900.00 
    0.00   900.00   600.00   900.00   900.00   580.00   900.00 
    0.50   900.00   600.00   900.00   900.00   580.00   900.00 
    5.00   900.00   600.00   900.00   900.00   580.00   900.00 
   20.00   900.00   600.00   900.00   900.00   580.00   900.00 
   50.00   900.00   600.00   900.00   900.00   580.00   900.00 
    0.00   900.00   600.00   900.00   900.00   600.00     0.00 
    0.50   900.00   600.00   900.00   900.00   600.00     0.00 
    5.00   900.00   600.00   900.00   900.00   600.00     0.00 
   20.00   900.00   600.00   900.00   900.00   600.00     0.00 
   50.00   900.00   600.00   900.00   900.00   600.00     0.00 
    0.00   900.00   600.00   900.00   900.00   600.00  1800.00 
    0.50   900.00   600.00   900.00   900.00   600.00  1800.00 
    5.00   900.00   600.00   900.00   900.00   600.00  1800.00 
   20.00   900.00   600.00   900.00   900.00   600.00  1800.00 
   50.00   900.00   600.00   900.00   900.00   600.00  1800.00 
    0.00   900.00   580.00     0.00   900.00   580.00     0.00 
    0.50   900.00   580.00     0.00   900.00   580.00     0.00 
    5.00   900.00   580.00     0.00   900.00   580.00     0.00 
   20.00   900.00   580.00     0.00   900.00   580.00     0.00 
   50.00   900.00   580.00     0.00   900.00   580.00     0.00 
    0.00   900.00   580.00     0.00   293.00   580.00     0.00 
    0.50   900.00   580.00     0.00   293.00   580.00     0.00 
    5.00   900.00   580.00     0.00   293.00   580.00     0.00 
   20.00   900.00   580.00     0.00   293.00   580.00     0.00 
   50.00   900.00   580.00     0.00   293.00   580.00     0.00 
    0.00   900.00   580.00     0.00   800.00   580.00     0.00 
    0.50   900.00   580.00     0.00   800.00   580.00     0.00 
    5.00   900.00   580.00     0.00   800.00   580.00     0.00 
   20.00   900.00   580.00     0.00   800.00   580.00     0.00 
   50.00   900.00   580.00     0.00   800.00   580.00     0.00 
    0.00   900.00   580.00     0.00  1000.00   580.00     0.00 
    0.50   900.00   580.00     0.00  1000.00   580.00     0.00 
    5.00   900.00   580.00     0.00  1000.00   580.00     0.00 
   20.00   900.00   580.00     0.00  1000.00   580.00     0.00 
   50.00   900.00   580.00     0.00  1000.00   580.00     0.00 
    0.00   900.00   580.00     0.00   900.00   293.00     0.00 
    0.50   900.00   580.00     0.00   900.00   293.00     0.00 
    5.00   900.00   580.00     0.00   900.00   293.00     0.00 
   20.00   900.00   580.00     0.00   900.00   293.00     0.00 
   50.00   900.00   580.00     0.00   900.00   293.00     0.00 
    0.00   900.00   580.00     0.00   900.00   560.00     0.00 
    0.50   900.00   580.00     0.00   900.00   560.00     0.00 
    5.00   900.00   580.00     0.00   900.00   560.00     0.00 
   20.00   900.00   580.00     0.00   900.00   560.00     0.00 
   50.00   900.00   580.00     0.00   900.00   560.00     0.00 
    0.00   900.00   580.00     0.00   900.00   600.00     0.00 
    0.50   900.00   580.00     0.00   900.00   600.00     0.00 
    5.00   900.00   580.00     0.00   900.00   600.00     0.00 
   20.00   900.00   580.00     0.00   900.00   600.00     0.00 
   50.00   900.00   580.00     0.00   900.00   600.00     0.00 
    0.00   900.00   580.00     0.00   900.00   580.00   900.00 
    0.50   900.00   580.00     0.00   900.00   580.00   900.00 
    5.00   900.00   580.00     0.00   900.00   580.00   900.00 
   20.00   900.00   580.00     0.00   900.00   580.00   900.00 
   50.00   900.00   580.00     0.00   900.00   580.00   900.00 
    0.00   900.00   580.00     0.00   900.00   580.00  1800.00 
    0.50   900.00   580.00     0.00   900.00   580.00  1800.00 
    5.00   900.00   580.00     0.00   900.00   580.00  1800.00 
   20.00   900.00   580.00     0.00   900.00   580.00  1800.00 
   50.00   900.00   580.00     0.00   900.00   580.00  1800.00 
    0.00   900.00   580.00  1800.00   900.00   580.00  1800.00 
    0.50   900.00   580.00  1800.00   900.00   580.00  1800.00 
    5.00   900.00   580.00  1800.00   900.00   580.00  1800.00 
   20.00   900.00   580.00  1800.00   900.00   580.00  1800.00 
   50.00   900.00   580.00  1800.00   900.00   580.00  1800.00 
    0.00   900.00   580.00  1800.00   293.00   580.00  1800.00 
    0.50   900.00   580.00  1800.00   293.00   580.00  1800.00 
    5.00   900.00   580.00  1800.00   293.00   580.00  1800.00 
   20.00   900.00   580.00  1800.00   293.00   580.00  1800.00 
   50.00   900.00   580.00  1800.00   293.00   580.00  1800.00 
    0.00   900.00   580.00  1800.00   800.00   580.00  1800.00 
    0.50   900.00   580.00  1800.00   800.00   580.00  1800.00 
    5.00   900.00   580.00  1800.00   800.00   580.00  1800.00 
   20.00   900.00   580.00  1800.00   800.00   580.00  1800.00 
   50.00   900.00   580.00  1800.00   800.00   580.00  1800.00 
    0.00   900.00   580.00  1800.00  1000.00   580.00  1800.00 
    0.50   900.00   580.00  1800.00  1000.00   580.00  1800.00 
    5.00   900.00   580.00  1800.00  1000.00   580.00  1800.00 
   20.00   900.00   580.00  1800.00  1000.00   580.00  1800.00 
   50.00   900.00   580.00  1800.00  1000.00   580.00  1800.00 
    0.00   900.00   580.00  1800.00   900.00   293.00  1800.00 
    0.50   900.00   580.00  1800.00   900.00   293.00  1800.00 
    5.00   900.00   580.00  1800.00   900.00   293.00  1800.00 
   20.00   900.00   580.00  1800.00   900.00   293.00  1800.00 
   50.00   900.00   580.00  1800.00   900.00   293.00  1800.00 
    0.00   900.00   580.00  1800.00   900.00   560.00  1800.00 
    0.50   900.00   580.00  1800.00   900.00   560.00  1800.00 
    5.00   900.00   580.00  1800.00   900.00   560.00  1800.00 
   20.00   900.00   580.00  1800.00   900.00   560.00  1800.00 
   50.00   900.00   580.00  1800.00   900.00   560.00  1800.00 
    0.00   900.00   580.00  1800.00   900.00   600.00  1800.00 
    0.50   900.00   580.00  1800.00   900.00   600.00  1800.00 
    5.00   900.00   580.00  1800.00   900.00   600.00  1800.00 
   20.00   900.00   580.00  1800.00   900.00   600.00  1800.00 
   50.00   900.00   580.00  1800.00   900.00   600.00  1800.00 
    0.00   900.00   580.00  1800.00   900.00   580.00     0.00 
    0.50   900.00   580.00  1800.00   900.00   580.00     0.00 
    5.00   900.00   580.00  1800.00   900.00   580.00     0.00 
   20.00   900.00   580.00  1800.00   900.00   580.00     0.00 
   50.00   900.00   580.00  1800.00   900.00   580.00     0.00 
    0.00   900.00   580.00  1800.00   900.00   580.00   900.00 
    0.50   900.00   580.00  1800.00   900.00   580.00   900.00 
    5.00   900.00   580.00  1800.00   900.00   580.00   900.00 
   20.00   900.00   580.00  1800.00   900.00   580.00   900.00 
   50.00   900.00   580.00  1800.00   900.00   580.00   900.00 
