  1.2787  61.9530 2.4604  3.246e-11 
  1.2304  61.2860 2.4664  3.248e-11 
  1.2246  61.1960 2.4733  3.250e-11 
  1.1852  60.6470 2.5182  3.265e-11 
  1.1349  60.0610 2.5608  3.279e-11 
  1.0496  59.2450 2.6275  3.301e-11 
  0.9772  58.6690 2.6819  3.319e-11 
  0.9126  58.2140 2.7290  3.334e-11 
  0.8561  57.8580 2.7702  3.348e-11 
  1.3015  62.1280 2.4603  3.246e-11 
  1.2519  61.4490 2.4662  3.248e-11 
  1.2460  61.3580 2.4730  3.250e-11 
  1.2059  60.8090 2.5175  3.264e-11 
  1.1557  60.2310 2.5597  3.278e-11 
  1.0706  59.4240 2.6262  3.300e-11 
  0.9973  58.8390 2.6806  3.318e-11 
  0.9315  58.3670 2.7278  3.334e-11 
  0.8738  57.9930 2.7692  3.348e-11 
  1.2818  61.9680 2.4604  3.246e-11 
  1.2333  61.2990 2.4664  3.248e-11 
  1.2275  61.2080 2.4732  3.250e-11 
  1.1880  60.6600 2.5181  3.265e-11 
  1.1377  60.0750 2.5606  3.278e-11 
  1.0525  59.2610 2.6273  3.301e-11 
  0.9799  58.6830 2.6817  3.319e-11 
  0.9152  58.2270 2.7288  3.334e-11 
  0.8585  57.8680 2.7700  3.348e-11 
  1.2757  61.9430 2.4604  3.246e-11 
  1.2275  61.2780 2.4664  3.248e-11 
  1.2218  61.1870 2.4733  3.250e-11 
  1.1824  60.6390 2.5183  3.265e-11 
  1.1321  60.0510 2.5610  3.279e-11 
  1.0469  59.2340 2.6277  3.301e-11 
  0.9745  58.6580 2.6821  3.319e-11 
  0.9101  58.2050 2.7292  3.335e-11 
  0.8538  57.8520 2.7704  3.348e-11 
  1.2790  38.8940 2.4560  3.245e-11 
  1.2292  38.5080 2.4608  3.246e-11 
  1.2237  38.4680 2.4664  3.248e-11 
  1.1869  38.2180 2.5041  3.260e-11 
  1.1391  37.9270 2.5420  3.273e-11 
  1.0537  37.4780 2.6052  3.294e-11 
  0.9775  37.1240 2.6597  3.312e-11 
  0.9073  36.8230 2.7091  3.328e-11 
  0.8447  36.5720 2.7542  3.343e-11 
  1.2813  57.7470 2.4596  3.245e-11 
  1.2322  57.1250 2.4655  3.247e-11 
  1.2265  57.0440 2.4723  3.250e-11 
  1.1877  56.5530 2.5166  3.264e-11 
  1.1381  56.0260 2.5590  3.278e-11 
  1.0534  55.2860 2.6256  3.300e-11 
  0.9810  54.7600 2.6802  3.318e-11 
  0.9161  54.3430 2.7276  3.334e-11 
  0.8593  54.0150 2.7692  3.348e-11 
  1.2739  67.9700 2.4615  3.246e-11 
  1.2265  67.2400 2.4676  3.248e-11 
  1.2207  67.1370 2.4746  3.250e-11 
  1.1803  66.5020 2.5200  3.265e-11 
  1.1290  65.8300 2.5628  3.279e-11 
  1.0430  64.9020 2.6295  3.301e-11 
  0.9703  64.2490 2.6836  3.319e-11 
  0.9059  63.7370 2.7304  3.335e-11 
  0.8498  63.3390 2.7711  3.348e-11 
  1.3824  63.4490 2.4593  3.245e-11 
  1.3250  62.6790 2.4652  3.247e-11 
  1.3179  62.5700 2.4721  3.249e-11 
  1.2714  61.9370 2.5168  3.264e-11 
  1.2154  61.2900 2.5593  3.278e-11 
  1.1235  60.4190 2.6261  3.300e-11 
  1.0473  59.8260 2.6806  3.319e-11 
  0.9799  59.3720 2.7280  3.334e-11 
  0.9212  59.0220 2.7694  3.348e-11 
  1.1912  60.6470 2.4616  3.246e-11 
  1.1500  60.0650 2.4676  3.248e-11 
  1.1453  59.9890 2.4745  3.250e-11 
  1.1115  59.5120 2.5195  3.265e-11 
  1.0660  58.9810 2.5622  3.279e-11 
  0.9865  58.2170 2.6288  3.301e-11 
  0.9176  57.6600 2.6831  3.319e-11 
  0.8557  57.2130 2.7300  3.335e-11 
  0.8015  56.8600 2.7709  3.348e-11 
  1.2818  61.9680 2.4604  3.246e-11 
  1.2333  61.3000 2.4663  3.248e-11 
  1.2275  61.2090 2.4731  3.250e-11 
  1.1879  60.6640 2.5177  3.264e-11 
  1.1375  60.0800 2.5600  3.278e-11 
  1.0516  59.2650 2.6265  3.300e-11 
  0.9783  58.6840 2.6810  3.318e-11 
  0.9127  58.2240 2.7284  3.334e-11 
  0.8553  57.8630 2.7700  3.348e-11 
  1.3015  62.1280 2.4603  3.246e-11 
  1.2519  61.4500 2.4661  3.248e-11 
  1.2460  61.3590 2.4729  3.250e-11 
  1.2058  60.8120 2.5171  3.264e-11 
  1.1554  60.2360 2.5591  3.278e-11 
  1.0697  59.4280 2.6254  3.300e-11 
  0.9957  58.8390 2.6798  3.318e-11 
  0.9290  58.3640 2.7273  3.334e-11 
  0.8705  57.9860 2.7691  3.348e-11 
  1.2787  61.9530 2.4604  3.246e-11 
  1.2304  61.2870 2.4663  3.248e-11 
  1.2246  61.1970 2.4732  3.250e-11 
  1.1851  60.6510 2.5178  3.264e-11 
  1.1346  60.0660 2.5602  3.278e-11 
  1.0488  59.2490 2.6267  3.301e-11 
  0.9755  58.6690 2.6812  3.319e-11 
  0.9102  58.2110 2.7286  3.334e-11 
  0.8529  57.8530 2.7701  3.348e-11 
  1.2757  61.9430 2.4604  3.246e-11 
  1.2275  61.2780 2.4664  3.248e-11 
  1.2218  61.1880 2.4732  3.250e-11 
  1.1824  60.6430 2.5179  3.264e-11 
  1.1319  60.0570 2.5604  3.278e-11 
  1.0460  59.2380 2.6269  3.301e-11 
  0.9729  58.6590 2.6814  3.319e-11 
  0.9077  58.2030 2.7287  3.334e-11 
  0.8506  57.8470 2.7703  3.348e-11 
  1.2816  38.8990 2.4560  3.245e-11 
  1.2318  38.5130 2.4607  3.246e-11 
  1.2263  38.4720 2.4663  3.248e-11 
  1.1893  38.2220 2.5036  3.260e-11 
  1.1413  37.9320 2.5414  3.273e-11 
  1.0552  37.4810 2.6042  3.293e-11 
  0.9779  37.1230 2.6587  3.312e-11 
  0.9066  36.8170 2.7084  3.328e-11 
  0.8429  36.5600 2.7539  3.343e-11 
  1.2844  57.7590 2.4596  3.245e-11 
  1.2351  57.1370 2.4654  3.247e-11 
  1.2294  57.0550 2.4721  3.249e-11 
  1.1904  56.5670 2.5161  3.264e-11 
  1.1406  56.0420 2.5582  3.278e-11 
  1.0553  55.3020 2.6246  3.300e-11 
  0.9819  54.7720 2.6792  3.318e-11 
  0.9161  54.3500 2.7269  3.334e-11 
  0.8583  54.0170 2.7689  3.348e-11 
  1.2771  67.9880 2.4615  3.246e-11 
  1.2296  67.2570 2.4675  3.248e-11 
  1.2237  67.1540 2.4745  3.250e-11 
  1.1831  66.5230 2.5195  3.265e-11 
  1.1318  65.8540 2.5620  3.279e-11 
  1.0451  64.9260 2.6285  3.301e-11 
  0.9716  64.2690 2.6827  3.319e-11 
  0.9062  63.7520 2.7297  3.335e-11 
  0.8492  63.3470 2.7709  3.348e-11 
  1.3857  63.4640 2.4592  3.245e-11 
  1.3281  62.6940 2.4651  3.247e-11 
  1.3210  62.5860 2.4719  3.249e-11 
  1.2745  61.9580 2.5163  3.264e-11 
  1.2183  61.3140 2.5585  3.278e-11 
  1.1260  60.4460 2.6251  3.300e-11 
  1.0489  59.8510 2.6797  3.318e-11 
  0.9806  59.3930 2.7273  3.334e-11 
  0.9210  59.0400 2.7692  3.348e-11 
  1.1942  60.6600 2.4615  3.246e-11 
  1.1527  60.0770 2.4675  3.248e-11 
  1.1481  60.0010 2.4743  3.250e-11 
  1.1140  59.5260 2.5190  3.265e-11 
  1.0683  58.9960 2.5614  3.279e-11 
  0.9881  58.2300 2.6279  3.301e-11 
  0.9183  57.6680 2.6822  3.319e-11 
  0.8554  57.2140 2.7294  3.334e-11 
  0.8003  56.8540 2.7707  3.348e-11 
  1.2757  61.9430 2.4604  3.246e-11 
  1.2275  61.2770 2.4665  3.248e-11 
  1.2218  61.1860 2.4734  3.250e-11 
  1.1825  60.6350 2.5187  3.265e-11 
  1.1323  60.0460 2.5616  3.279e-11 
  1.0477  59.2300 2.6285  3.301e-11 
  0.9761  58.6570 2.6828  3.319e-11 
  0.9125  58.2080 2.7297  3.335e-11 
  0.8569  57.8570 2.7704  3.348e-11 
  1.3015  62.1280 2.4603  3.246e-11 
  1.2519  61.4490 2.4662  3.248e-11 
  1.2460  61.3570 2.4731  3.250e-11 
  1.2059  60.8050 2.5179  3.265e-11 
  1.1559  60.2260 2.5603  3.278e-11 
  1.0715  59.4210 2.6269  3.301e-11 
  0.9990  58.8390 2.6813  3.319e-11 
  0.9340  58.3710 2.7282  3.334e-11 
  0.8770  57.9990 2.7693  3.348e-11 
  1.2818  61.9680 2.4604  3.246e-11 
  1.2333  61.2990 2.4664  3.248e-11 
  1.2276  61.2070 2.4733  3.250e-11 
  1.1881  60.6560 2.5185  3.265e-11 
  1.1379  60.0700 2.5612  3.279e-11 
  1.0533  59.2570 2.6281  3.301e-11 
  0.9815  58.6830 2.6824  3.319e-11 
  0.9176  58.2290 2.7293  3.335e-11 
  0.8617  57.8740 2.7701  3.348e-11 
  1.2787  61.9530 2.4604  3.246e-11 
  1.2304  61.2860 2.4664  3.248e-11 
  1.2246  61.1950 2.4734  3.250e-11 
  1.1852  60.6430 2.5186  3.265e-11 
  1.1351  60.0560 2.5614  3.279e-11 
  1.0505  59.2420 2.6283  3.301e-11 
  0.9788  58.6680 2.6826  3.319e-11 
  0.9150  58.2160 2.7295  3.335e-11 
  0.8593  57.8640 2.7703  3.348e-11 
  1.2763  38.8920 2.4560  3.245e-11 
  1.2267  38.5070 2.4609  3.246e-11 
  1.2212  38.4660 2.4665  3.248e-11 
  1.1846  38.2150 2.5045  3.261e-11 
  1.1370  37.9240 2.5427  3.273e-11 
  1.0523  37.4770 2.6061  3.294e-11 
  0.9771  37.1270 2.6606  3.312e-11 
  0.9081  36.8320 2.7099  3.328e-11 
  0.8466  36.5860 2.7545  3.343e-11 
  1.2783  57.7390 2.4596  3.245e-11 
  1.2294  57.1180 2.4656  3.247e-11 
  1.2237  57.0360 2.4724  3.250e-11 
  1.1851  56.5430 2.5171  3.264e-11 
  1.1356  56.0140 2.5598  3.278e-11 
  1.0515  55.2740 2.6266  3.301e-11 
  0.9800  54.7510 2.6811  3.319e-11 
  0.9162  54.3390 2.7283  3.334e-11 
  0.8603  54.0170 2.7694  3.348e-11 
  1.2707  67.9570 2.4615  3.246e-11 
  1.2235  67.2280 2.4677  3.248e-11 
  1.2178  67.1240 2.4747  3.250e-11 
  1.1775  66.4870 2.5205  3.265e-11 
  1.1264  65.8110 2.5636  3.279e-11 
  1.0410  64.8830 2.6304  3.302e-11 
  0.9691  64.2340 2.6845  3.320e-11 
  0.9057  63.7280 2.7310  3.335e-11 
  0.8504  63.3340 2.7714  3.348e-11 
  1.3792  63.4380 2.4593  3.245e-11 
  1.3219  62.6690 2.4653  3.247e-11 
  1.3148  62.5600 2.4722  3.250e-11 
  1.2685  61.9220 2.5173  3.264e-11 
  1.2125  61.2700 2.5601  3.278e-11 
  1.1212  60.3970 2.6271  3.301e-11 
  1.0457  59.8060 2.6816  3.319e-11 
  0.9793  59.3540 2.7286  3.335e-11 
  0.9214  59.0070 2.7697  3.348e-11 
  1.1883  60.6390 2.4616  3.246e-11 
  1.1472  60.0570 2.4676  3.248e-11 
  1.1426  59.9810 2.4746  3.250e-11 
  1.1090  59.5030 2.5200  3.265e-11 
  1.0638  58.9700 2.5629  3.279e-11 
  0.9850  58.2080 2.6298  3.301e-11 
  0.9170  57.6560 2.6840  3.319e-11 
  0.8560  57.2160 2.7306  3.335e-11 
  0.8027  56.8680 2.7711  3.348e-11 
  1.2813  57.7470 2.4596  3.245e-11 
  1.2328  57.1340 2.4653  3.247e-11 
  1.2271  57.0540 2.4720  3.249e-11 
  1.1883  56.5750 2.5155  3.264e-11 
  1.1383  56.0540 2.5572  3.277e-11 
  1.0518  55.3120 2.6236  3.299e-11 
  0.9770  54.7790 2.6785  3.318e-11 
  0.9095  54.3530 2.7268  3.334e-11 
  0.8499  54.0160 2.7696  3.348e-11 
  1.3036  57.9000 2.4595  3.245e-11 
  1.2538  57.2750 2.4651  3.247e-11 
  1.2480  57.1950 2.4717  3.249e-11 
  1.2085  56.7150 2.5148  3.263e-11 
  1.1585  56.2000 2.5562  3.277e-11 
  1.0722  55.4660 2.6222  3.299e-11 
  0.9966  54.9250 2.6771  3.317e-11 
  0.9277  54.4820 2.7255  3.333e-11 
  0.8668  54.1260 2.7685  3.348e-11 
  1.2844  57.7590 2.4596  3.245e-11 
  1.2357  57.1450 2.4653  3.247e-11 
  1.2300  57.0650 2.4719  3.249e-11 
  1.1911  56.5860 2.5153  3.264e-11 
  1.1410  56.0650 2.5571  3.277e-11 
  1.0546  55.3250 2.6233  3.299e-11 
  0.9797  54.7920 2.6782  3.318e-11 
  0.9120  54.3630 2.7266  3.334e-11 
  0.8522  54.0240 2.7694  3.348e-11 
  1.2783  57.7390 2.4596  3.245e-11 
  1.2300  57.1270 2.4654  3.247e-11 
  1.2243  57.0470 2.4720  3.249e-11 
  1.1856  56.5680 2.5156  3.264e-11 
  1.1356  56.0460 2.5574  3.278e-11 
  1.0491  55.3040 2.6238  3.300e-11 
  0.9745  54.7710 2.6787  3.318e-11 
  0.9071  54.3470 2.7270  3.334e-11 
  0.8477  54.0120 2.7697  3.348e-11 
  1.2790  38.8940 2.4560  3.245e-11 
  1.2298  38.5140 2.4607  3.246e-11 
  1.2243  38.4740 2.4661  3.248e-11 
  1.1874  38.2280 2.5030  3.260e-11 
  1.1391  37.9390 2.5404  3.272e-11 
  1.0518  37.4850 2.6030  3.293e-11 
  0.9727  37.1230 2.6577  3.311e-11 
  0.8993  36.8100 2.7080  3.328e-11 
  0.8333  36.5460 2.7545  3.343e-11 
  1.2787  61.9530 2.4604  3.246e-11 
  1.2309  61.2950 2.4662  3.248e-11 
  1.2252  61.2070 2.4730  3.250e-11 
  1.1858  60.6710 2.5170  3.264e-11 
  1.1351  60.0910 2.5591  3.278e-11 
  1.0481  59.2750 2.6254  3.300e-11 
  0.9734  58.6910 2.6802  3.318e-11 
  0.9061  58.2280 2.7282  3.334e-11 
  0.8470  57.8620 2.7706  3.348e-11 
  1.2739  67.9700 2.4615  3.246e-11 
  1.2270  67.2500 2.4674  3.248e-11 
  1.2213  67.1490 2.4743  3.250e-11 
  1.1809  66.5300 2.5188  3.265e-11 
  1.1293  65.8640 2.5611  3.278e-11 
  1.0416  64.9360 2.6274  3.301e-11 
  0.9667  64.2770 2.6820  3.319e-11 
  0.8997  63.7550 2.7296  3.335e-11 
  0.8410  63.3460 2.7716  3.348e-11 
  1.3917  59.2110 2.4584  3.245e-11 
  1.3337  58.4980 2.4641  3.247e-11 
  1.3266  58.4030 2.4707  3.249e-11 
  1.2810  57.8490 2.5140  3.263e-11 
  1.2252  57.2740 2.5556  3.277e-11 
  1.1322  56.4880 2.6219  3.299e-11 
  1.0536  55.9470 2.6770  3.317e-11 
  0.9833  55.5290 2.7255  3.334e-11 
  0.9215  55.2040 2.7686  3.348e-11 
  1.1890  56.4790 2.4608  3.246e-11 
  1.1478  55.9460 2.4666  3.248e-11 
  1.1432  55.8800 2.4732  3.250e-11 
  1.1099  55.4640 2.5169  3.264e-11 
  1.0647  54.9900 2.5588  3.278e-11 
  0.9840  54.2930 2.6251  3.300e-11 
  0.9128  53.7750 2.6798  3.318e-11 
  0.8480  53.3510 2.7279  3.334e-11 
  0.7908  53.0120 2.7704  3.348e-11 
  1.2739  67.9700 2.4615  3.246e-11 
  1.2258  67.2260 2.4678  3.248e-11 
  1.2200  67.1190 2.4751  3.250e-11 
  1.1795  66.4660 2.5218  3.266e-11 
  1.1289  65.7840 2.5654  3.280e-11 
  1.0454  64.8580 2.6327  3.302e-11 
  0.9759  64.2160 2.6865  3.320e-11 
  0.9152  63.7180 2.7322  3.335e-11 
  0.8627  63.3340 2.7714  3.348e-11 
  1.2975  68.1810 2.4614  3.246e-11 
  1.2481  67.4240 2.4676  3.248e-11 
  1.2421  67.3160 2.4748  3.250e-11 
  1.2010  66.6630 2.5210  3.265e-11 
  1.1505  65.9910 2.5644  3.280e-11 
  1.0672  65.0760 2.6314  3.302e-11 
  0.9969  64.4250 2.6852  3.320e-11 
  0.9350  63.9100 2.7310  3.335e-11 
  0.8812  63.5060 2.7704  3.348e-11 
  1.2771  67.9880 2.4615  3.246e-11 
  1.2288  67.2420 2.4678  3.248e-11 
  1.2230  67.1350 2.4750  3.250e-11 
  1.1825  66.4820 2.5216  3.266e-11 
  1.1319  65.8020 2.5653  3.280e-11 
  1.0484  64.8780 2.6325  3.302e-11 
  0.9788  64.2350 2.6863  3.320e-11 
  0.9179  63.7350 2.7320  3.335e-11 
  0.8652  63.3490 2.7713  3.348e-11 
  1.2707  67.9570 2.4615  3.246e-11 
  1.2228  67.2150 2.4678  3.248e-11 
  1.2170  67.1080 2.4751  3.250e-11 
  1.1767  66.4540 2.5219  3.266e-11 
  1.1261  65.7710 2.5656  3.280e-11 
  1.0426  64.8440 2.6329  3.302e-11 
  0.9732  64.2020 2.6867  3.320e-11 
  0.9126  63.7060 2.7323  3.335e-11 
  0.8602  63.3250 2.7716  3.348e-11 
  1.2790  38.8940 2.4560  3.245e-11 
  1.2284  38.5010 2.4610  3.246e-11 
  1.2230  38.4600 2.4667  3.248e-11 
  1.1864  38.2040 2.5056  3.261e-11 
  1.1393  37.9120 2.5445  3.274e-11 
  1.0569  37.4700 2.6086  3.295e-11 
  0.9846  37.1300 2.6630  3.313e-11 
  0.9191  36.8460 2.7115  3.329e-11 
  0.8613  36.6120 2.7549  3.343e-11 
  1.2813  57.7470 2.4596  3.245e-11 
  1.2315  57.1130 2.4657  3.247e-11 
  1.2258  57.0290 2.4727  3.250e-11 
  1.1870  56.5240 2.5184  3.265e-11 
  1.1381  55.9900 2.5616  3.279e-11 
  1.0560  55.2530 2.6289  3.301e-11 
  0.9869  54.7360 2.6832  3.319e-11 
  0.9260  54.3320 2.7295  3.335e-11 
  0.8730  54.0190 2.7695  3.348e-11 
  1.2787  61.9530 2.4604  3.246e-11 
  1.2296  61.2730 2.4666  3.248e-11 
  1.2239  61.1800 2.4737  3.250e-11 
  1.1845  60.6150 2.5199  3.265e-11 
  1.1348  60.0210 2.5634  3.280e-11 
  1.0521  59.2080 2.6308  3.302e-11 
  0.9830  58.6410 2.6849  3.320e-11 
  0.9222  58.2000 2.7309  3.335e-11 
  0.8695  57.8580 2.7705  3.348e-11 
  1.3690  69.5030 2.4604  3.246e-11 
  1.3124  68.6520 2.4667  3.248e-11 
  1.3052  68.5240 2.4739  3.250e-11 
  1.2577  67.7730 2.5205  3.265e-11 
  1.2014  67.0200 2.5641  3.280e-11 
  1.1113  66.0250 2.6315  3.302e-11 
  1.0379  65.3550 2.6855  3.320e-11 
  0.9744  64.8460 2.7313  3.335e-11 
  0.9197  64.4590 2.7708  3.348e-11 
  1.1927  66.6180 2.4626  3.246e-11 
  1.1513  65.9630 2.4689  3.248e-11 
  1.1466  65.8730 2.4762  3.250e-11 
  1.1119  65.3040 2.5230  3.266e-11 
  1.0662  64.6860 2.5667  3.280e-11 
  0.9883  63.8230 2.6338  3.302e-11 
  0.9224  63.2090 2.6875  3.320e-11 
  0.8643  62.7260 2.7329  3.335e-11 
  0.8138  62.3510 2.7720  3.348e-11 
  1.3824  63.4490 2.4593  3.245e-11 
  1.3259  62.6940 2.4649  3.247e-11 
  1.3188  62.5900 2.4715  3.249e-11 
  1.2724  61.9790 2.5146  3.263e-11 
  1.2157  61.3440 2.5560  3.277e-11 
  1.1209  60.4760 2.6218  3.299e-11 
  1.0406  59.8780 2.6766  3.317e-11 
  0.9685  59.4140 2.7251  3.333e-11 
  0.9047  59.0540 2.7685  3.348e-11 
  1.4068  63.6370 2.4591  3.245e-11 
  1.3489  62.8690 2.4647  3.247e-11 
  1.3416  62.7650 2.4712  3.249e-11 
  1.2946  62.1550 2.5139  3.263e-11 
  1.2380  61.5290 2.5549  3.277e-11 
  1.1435  60.6730 2.6204  3.299e-11 
  1.0623  60.0660 2.6751  3.317e-11 
  0.9889  59.5840 2.7238  3.333e-11 
  0.9235  59.2030 2.7674  3.347e-11 
  1.3857  63.4650 2.4592  3.245e-11 
  1.3290  62.7080 2.4649  3.247e-11 
  1.3219  62.6040 2.4715  3.249e-11 
  1.2754  61.9940 2.5145  3.263e-11 
  1.2187  61.3600 2.5558  3.277e-11 
  1.1240  60.4940 2.6215  3.299e-11 
  1.0436  59.8950 2.6763  3.317e-11 
  0.9713  59.4290 2.7249  3.333e-11 
  0.9073  59.0660 2.7684  3.348e-11 
  1.3792  63.4380 2.4593  3.245e-11 
  1.3228  62.6840 2.4650  3.247e-11 
  1.3157  62.5800 2.4715  3.249e-11 
  1.2695  61.9700 2.5147  3.264e-11 
  1.2127  61.3330 2.5561  3.277e-11 
  1.1179  60.4630 2.6220  3.299e-11 
  1.0378  59.8650 2.6768  3.317e-11 
  0.9658  59.4040 2.7253  3.334e-11 
  0.9022  59.0460 2.7687  3.348e-11 
  1.4312  40.1270 2.4545  3.244e-11 
  1.3702  39.6720 2.4591  3.246e-11 
  1.3634  39.6240 2.4643  3.248e-11 
  1.3198  39.3440 2.4998  3.259e-11 
  1.2653  39.0290 2.5361  3.271e-11 
  1.1691  38.5490 2.5976  3.291e-11 
  1.0830  38.1780 2.6519  3.310e-11 
  1.0025  37.8600 2.7027  3.326e-11 
  0.9292  37.5890 2.7504  3.342e-11 
  1.3917  59.2110 2.4584  3.245e-11 
  1.3339  58.5020 2.4640  3.247e-11 
  1.3268  58.4070 2.4705  3.249e-11 
  1.2809  57.8590 2.5130  3.263e-11 
  1.2246  57.2850 2.5540  3.277e-11 
  1.1300  56.4970 2.6197  3.298e-11 
  1.0496  55.9500 2.6746  3.317e-11 
  0.9769  55.5250 2.7235  3.333e-11 
  0.9124  55.1940 2.7673  3.347e-11 
  1.3690  69.5030 2.4604  3.246e-11 
  1.3141  68.6850 2.4662  3.248e-11 
  1.3071  68.5670 2.4729  3.250e-11 
  1.2601  67.8680 2.5165  3.264e-11 
  1.2027  67.1420 2.5581  3.278e-11 
  1.1075  66.1580 2.6239  3.299e-11 
  1.0274  65.4820 2.6785  3.318e-11 
  0.9558  64.9590 2.7267  3.334e-11 
  0.8927  64.5550 2.7697  3.348e-11 
  1.2787  61.9530 2.4604  3.246e-11 
  1.2310  61.2980 2.4661  3.247e-11 
  1.2253  61.2110 2.4727  3.250e-11 
  1.1855  60.6780 2.5160  3.264e-11 
  1.1341  60.0980 2.5575  3.277e-11 
  1.0455  59.2740 2.6232  3.299e-11 
  0.9687  58.6800 2.6779  3.317e-11 
  0.8991  58.2030 2.7263  3.334e-11 
  0.8373  57.8240 2.7694  3.348e-11 
  1.1912  60.6470 2.4616  3.246e-11 
  1.1505  60.0750 2.4673  3.248e-11 
  1.1458  60.0010 2.4739  3.250e-11 
  1.1112  59.5340 2.5173  3.264e-11 
  1.0645  59.0030 2.5589  3.278e-11 
  0.9813  58.2230 2.6246  3.300e-11 
  0.9079  57.6410 2.6792  3.318e-11 
  0.8408  57.1620 2.7273  3.334e-11 
  0.7812  56.7770 2.7702  3.348e-11 
  1.1912  60.6470 2.4616  3.246e-11 
  1.1494  60.0550 2.4678  3.248e-11 
  1.1449  59.9770 2.4750  3.250e-11 
  1.1117  59.4910 2.5216  3.266e-11 
  1.0674  58.9590 2.5653  3.280e-11 
  0.9913  58.2110 2.6327  3.302e-11 
  0.9262  57.6760 2.6867  3.320e-11 
  0.8686  57.2540 2.7324  3.335e-11 
  0.8185  56.9250 2.7718  3.348e-11 
  1.2126  60.8100 2.4614  3.246e-11 
  1.1697  60.2050 2.4676  3.248e-11 
  1.1649  60.1270 2.4747  3.250e-11 
  1.1311  59.6400 2.5209  3.265e-11 
  1.0869  59.1150 2.5643  3.280e-11 
  1.0109  58.3740 2.6314  3.302e-11 
  0.9451  57.8300 2.6854  3.320e-11 
  0.8864  57.3930 2.7313  3.335e-11 
  0.8352  57.0470 2.7708  3.348e-11 
  1.1942  60.6600 2.4615  3.246e-11 
  1.1522  60.0660 2.4678  3.248e-11 
  1.1476  59.9880 2.4750  3.250e-11 
  1.1144  59.5030 2.5215  3.266e-11 
  1.0701  58.9720 2.5652  3.280e-11 
  0.9939  58.2250 2.6325  3.302e-11 
  0.9288  57.6890 2.6865  3.320e-11 
  0.8710  57.2640 2.7322  3.335e-11 
  0.8208  56.9340 2.7716  3.348e-11 
  1.1883  60.6390 2.4616  3.246e-11 
  1.1467  60.0470 2.4678  3.248e-11 
  1.1422  59.9700 2.4751  3.250e-11 
  1.1091  59.4840 2.5217  3.266e-11 
  1.0649  58.9510 2.5655  3.280e-11 
  0.9887  58.2010 2.6329  3.302e-11 
  0.9237  57.6670 2.6869  3.320e-11 
  0.8662  57.2470 2.7326  3.335e-11 
  0.8163  56.9200 2.7719  3.348e-11 
  1.1590  37.8800 2.4574  3.245e-11 
  1.1176  37.5480 2.4625  3.247e-11 
  1.1133  37.5140 2.4684  3.249e-11 
  1.0827  37.2980 2.5081  3.262e-11 
  1.0413  37.0390 2.5476  3.274e-11 
  0.9665  36.6370 2.6121  3.296e-11 
  0.8998  36.3210 2.6665  3.314e-11 
  0.8391  36.0560 2.7148  3.330e-11 
  0.7857  35.8410 2.7577  3.344e-11 
  1.1890  56.4790 2.4608  3.246e-11 
  1.1468  55.9300 2.4670  3.248e-11 
  1.1423  55.8600 2.4741  3.250e-11 
  1.1100  55.4290 2.5202  3.265e-11 
  1.0665  54.9530 2.5636  3.280e-11 
  0.9911  54.2770 2.6310  3.302e-11 
  0.9264  53.7910 2.6851  3.320e-11 
  0.8688  53.4050 2.7312  3.335e-11 
  0.8187  53.1050 2.7709  3.348e-11 
  1.1927  66.6180 2.4626  3.246e-11 
  1.1514  65.9640 2.4690  3.248e-11 
  1.1467  65.8740 2.4763  3.251e-11 
  1.1123  65.3070 2.5233  3.266e-11 
  1.0669  64.6920 2.5672  3.280e-11 
  0.9896  63.8360 2.6345  3.303e-11 
  0.9240  63.2270 2.6882  3.321e-11 
  0.8662  62.7500 2.7336  3.335e-11 
  0.8162  62.3790 2.7725  3.348e-11 
  1.3824  63.4490 2.4593  3.245e-11 
  1.3241  62.6650 2.4654  3.247e-11 
  1.3169  62.5510 2.4726  3.250e-11 
  1.2705  61.8970 2.5189  3.265e-11 
  1.2151  61.2380 2.5625  3.279e-11 
  1.1259  60.3660 2.6301  3.302e-11 
  1.0530  59.7780 2.6843  3.320e-11 
  0.9896  59.3320 2.7305  3.335e-11 
  0.9349  58.9910 2.7704  3.348e-11 
  1.2787  61.9530 2.4604  3.246e-11 
  1.2297  61.2740 2.4666  3.248e-11 
  1.2240  61.1800 2.4738  3.250e-11 
  1.1849  60.6170 2.5203  3.265e-11 
  1.1356  60.0260 2.5640  3.280e-11 
  1.0534  59.2180 2.6314  3.302e-11 
  0.9846  58.6560 2.6855  3.320e-11 
  0.9242  58.2200 2.7315  3.335e-11 
  0.8719  57.8830 2.7711  3.348e-11 